2163
8575
4371
7134
1736
2103
4601
3992
7980
1806
6121
6858
3087
4527
1529
5321
4976
6411
3801
2972
5052
7335
5171
4315
4912
1154
2010
5242
5242
5242
5242
5242
5242
5242
5242
5242
5242
5242
1234
1235
1236
1236
1111
1112
1111
1112
1113
1114
1115
1116
1270
1270
1270
1270
1270
1270
1895
5178
5178
5419
5979
5979
5979
8410
8410
8410
8410
8889
8889
8889
1480
1480
1480
1480
1480
1480
1921
1921
4047
4047
4047
4350
5044
5044
8111
8111
8111
3153
2834
7783
7783
1224
1224
1152
1152
4086
4086
4086
1147
1147
8610
8610
3631
3631
3631
3631
3631
3631
3631
3631
3631
3631
2879
2879
