9515,1
8067,2
6223,3
1808,4
2953,5
9378,6
9014,7
8176,8
9199,9
2563,10
5611,11
5308,12
5968,13
1733,14
8242,15
6286,16
9889,17
2302,18
4654,19
9422,20
5267,21
6793,22
8115,23
7783,24
2494,25
9601,26
8014,27
4583,28
1545,29
8880,30
4129,31
4684,32
5496,33
1829,34
4416,35
7677,36
8724,37
3576,38
9523,39
4689,40
2503,41
1329,42
8272,43
6728,44
2950,45
6653,46
5407,47
7958,48
2043,49
1689,50
2063,51
4493,52
4861,53
8218,54
8498,55
9784,56
2905,57
5667,58
1198,59
2170,60
3213,61
2208,62
3067,63
5593,64
4478,65
4119,66
2709,67
7072,68
4128,69
4770,70
3152,71
7348,72
6551,73
9971,74
9579,75
1566,76
6398,77
3899,78
3909,79
6572,80
1307,81
6690,82
8104,83
7988,84
3292,85
2700,86
3619,87
2481,88
4499,89
6267,90
4300,91
1938,92
7703,93
8442,94
9281,95
8557,96
6758,97
5435,98
5653,99
4320,100
8788,101
9626,102
3808,103
8767,104
1312,105
7360,106
1410,107
1017,108
3614,109
9445,110
7533,111
2067,112
4696,113
7930,114
3385,115
2770,116
5815,117
7205,118
8117,119
4453,120
3705,121
9188,122
5539,123
3177,124
5642,125
7966,126
6219,127
6437,128
9310,129
9895,130
4029,131
6241,132
6002,133
6855,134
8333,135
7600,136
6440,137
7691,138
5152,139
1050,140
2122,141
4479,142
7601,143
5502,144
5840,145
2093,146
3610,147
6986,148
6774,149
4617,150
9789,151
5918,152
8775,153
5606,154
8548,155
4628,156
9666,157
4235,158
1639,159
3777,160
8585,161
5793,162
8386,163
3849,164
3759,165
9165,166
2499,167
1077,168
3833,169
8149,170
6803,171
4134,172
6934,173
6730,174
8759,175
1377,176
7983,177
9069,178
9959,179
6882,180
7922,181
6647,182
7638,183
1464,184
2837,185
6391,186
6399,187
7148,188
8712,189
4686,190
9967,191
3339,192
4417,193
8725,194
2524,195
1108,196
3653,197
1659,198
9559,199
1419,200
1653,201
2614,202
7669,203
7350,204
2068,205
5775,206
7257,207
9757,208
7987,209
3525,210
2564,211
4540,212
4470,213
4333,214
5309,215
6648,216
9161,217
6994,218
9079,219
9998,220
2236,221
3766,222
8410,223
9909,224
6633,225
6147,226
9240,227
7664,228
5880,229
7134,230
2522,231
3623,232
2308,233
4283,234
4137,235
5505,236
4286,237
8359,238
9223,239
7946,240
7200,241
6278,242
5823,243
5074,244
4049,245
3978,246
8016,247
7244,248
5178,249
3901,250
4775,251
6370,252
5910,253
7337,254
8563,255
8459,256
5208,257
6977,258
4073,259
2810,260
1247,261
6513,262
5689,263
2978,264
7863,265
5289,266
1447,267
5229,268
6400,269
1324,270
2649,271
1793,272
2328,273
5432,274
1039,275
4782,276
7288,277
4759,278
6851,279
5417,280
1135,281
7125,282
8342,283
8942,284
9390,285
8760,286
6330,287
4683,288
4244,289
4121,290
6395,291
3767,292
1554,293
3298,294
1163,295
7041,296
1111,297
2713,298
9619,299
5175,300
5978,301
7278,302
2610,303
7704,304
5398,305
6433,306
1443,307
2597,308
2041,309
6836,310
7705,311
4543,312
5180,313
7332,314
3763,315
8671,316
1855,317
3016,318
1019,319
6419,320
6546,321
7940,322
4303,323
5148,324
5029,325
5577,326
1115,327
7496,328
2674,329
1919,330
3592,331
5045,332
3985,333
7345,334
9315,335
3850,336
7007,337
4967,338
2375,339
3882,340
9482,341
2285,342
8994,343
3896,344
3892,345
1878,346
5895,347
6301,348
4549,349
6215,350
9067,351
5495,352
2300,353
4469,354
3078,355
8836,356
3460,357
8511,358
3760,359
6866,360
4329,361
7926,362
1084,363
7775,364
9073,365
9693,366
2268,367
9003,368
9728,369
1065,370
4702,371
5722,372
8432,373
6312,374
9673,375
3248,376
4202,377
7989,378
3100,379
8670,380
3868,381
2778,382
7952,383
5141,384
8732,385
2416,386
2633,387
3578,388
6594,389
9868,390
4471,391
4587,392
7221,393
6921,394
2156,395
4433,396
8128,397
6030,398
9328,399
8048,400
3373,401
4280,402
9210,403
2863,404
6418,405
8143,406
4004,407
4528,408
5759,409
4234,410
9540,411
6654,412
5558,413
4963,414
2774,415
1424,416
8529,417
2270,418
2646,419
4174,420
8758,421
7614,422
3695,423
6706,424
6683,425
2153,426
9897,427
7541,428
4983,429
1674,430
7053,431
3494,432
7954,433
8033,434
9106,435
9325,436
3492,437
1096,438
3329,439
7561,440
3848,441
6160,442
6222,443
8448,444
2138,445
5557,446
8960,447
8269,448
8187,449
5532,450
6102,451
4040,452
4679,453
6198,454
1578,455
1874,456
6047,457
7153,458
4562,459
2981,460
1322,461
7467,462
7306,463
7367,464
5572,465
8426,466
8998,467
8205,468
3932,469
4006,470
8631,471
7730,472
3257,473
4757,474
8701,475
4942,476
3443,477
1090,478
4884,479
1185,480
1959,481
4012,482
7093,483
5970,484
1569,485
4750,486
8089,487
5326,488
7870,489
4537,490
7284,491
4511,492
6498,493
8343,494
1263,495
1548,496
9940,497
6669,498
4988,499
4083,500
7675,501
5105,502
2555,503
1367,504
3066,505
8783,506
6456,507
2800,508
9203,509
7868,510
5139,511
4380,512
9476,513
5438,514
1075,515
6820,516
9050,517
8239,518
2209,519
7193,520
4456,521
2959,522
4352,523
2297,524
7315,525
7535,526
2745,527
8155,528
8821,529
3313,530
7351,531
5920,532
3941,533
2087,534
8136,535
7702,536
6194,537
6937,538
1957,539
7046,540
4849,541
4636,542
1532,543
9892,544
1922,545
3325,546
5654,547
1966,548
4895,549
2353,550
9914,551
8889,552
2796,553
4398,554
9522,555
7840,556
6981,557
9027,558
2607,559
7282,560
7003,561
5037,562
6726,563
1785,564
9497,565
3222,566
1368,567
4154,568
9724,569
8657,570
1157,571
6622,572
5207,573
3615,574
9345,575
4346,576
7750,577
6140,578
3290,579
1951,580
2317,581
5355,582
5414,583
6691,584
9592,585
6584,586
5843,587
1860,588
5211,589
2252,590
4263,591
6096,592
6436,593
6610,594
8647,595
2990,596
6458,597
9045,598
3340,599
3603,600
5900,601
9190,602
6731,603
8066,604
5541,605
2621,606
1150,607
9723,608
1575,609
3196,610
6245,611
3964,612
8387,613
2408,614
4734,615
8556,616
8903,617
8330,618
5973,619
1686,620
1875,621
2557,622
9209,623
1205,624
3018,625
7737,626
5873,627
1363,628
1415,629
4315,630
7296,631
8105,632
9751,633
7740,634
5384,635
6564,636
1156,637
4152,638
6195,639
3493,640
4819,641
4977,642
4274,643
8306,644
8890,645
5797,646
8172,647
7746,648
8815,649
9671,650
3424,651
1580,652
9299,653
3807,654
3923,655
9877,656
9546,657
6784,658
6927,659
2715,660
4400,661
8111,662
1379,663
8045,664
3219,665
5640,666
3913,667
3711,668
6998,669
1134,670
3596,671
1735,672
2493,673
6663,674
3581,675
7651,676
3930,677
4979,678
6264,679
7343,680
5520,681
7590,682
8793,683
9572,684
6202,685
2613,686
3059,687
1472,688
9555,689
6595,690
1038,691
5350,692
7697,693
3544,694
6527,695
1095,696
7447,697
4162,698
5836,699
8610,700
2920,701
6825,702
2169,703
3010,704
6327,705
2332,706
9060,707
5088,708
1491,709
2382,710
9638,711
5511,712
3126,713
8114,714
5005,715
7569,716
2631,717
3538,718
6257,719
2729,720
7162,721
6170,722
3019,723
4239,724
8873,725
8023,726
8822,727
3640,728
1318,729
6042,730
1760,731
7428,732
9603,733
2104,734
7570,735
7463,736
4850,737
3252,738
3335,739
7747,740
9023,741
5125,742
5314,743
4640,744
8838,745
6839,746
8875,747
5456,748
2596,749
2809,750
9561,751
5471,752
4282,753
5036,754
5512,755
3495,756
7543,757
2012,758
1614,759
3418,760
5544,761
9443,762
2871,763
9141,764
6757,765
9207,766
5415,767
8714,768
2340,769
2113,770
6131,771
2072,772
2823,773
8492,774
1912,775
5747,776
4255,777
2029,778
7910,779
2447,780
5410,781
9768,782
9845,783
6137,784
1646,785
1458,786
1879,787
2946,788
3381,789
9196,790
9585,791
2904,792
4676,793
5149,794
9393,795
4747,796
4804,797
7808,798
5071,799
9709,800
7206,801
3937,802
8379,803
7005,804
5440,805
6108,806
7096,807
2836,808
1901,809
1175,810
9956,811
8705,812
2237,813
8541,814
4287,815
2509,816
6685,817
1740,818
5585,819
2698,820
1522,821
7955,822
2033,823
1434,824
8643,825
8533,826
7069,827
1944,828
1370,829
9493,830
4238,831
4839,832
8405,833
8083,834
2261,835
7670,836
6171,837
1627,838
5287,839
9975,840
8257,841
7095,842
8430,843
3178,844
4351,845
3013,846
5881,847
8802,848
8233,849
6515,850
2194,851
8139,852
2611,853
9081,854
2401,855
7076,856
6783,857
1990,858
6441,859
9779,860
5062,861
7720,862
1028,863
9499,864
9208,865
6534,866
8739,867
6142,868
3812,869
4396,870
8301,871
4438,872
3249,873
8857,874
3433,875
2162,876
4089,877
4644,878
8765,879
6462,880
6933,881
1583,882
1089,883
4349,884
2761,885
2229,886
1124,887
4919,888
7247,889
2798,890
5121,891
8112,892
7274,893
6961,894
2090,895
4976,896
2002,897
7442,898
3998,899
9689,900
6749,901
3864,902
3801,903
5133,904
7537,905
5049,906
5509,907
8590,908
1246,909
1280,910
8248,911
6680,912
6077,913
6451,914
2628,915
2825,916
2437,917
3579,918
5497,919
2397,920
4719,921
5763,922
7407,923
2396,924
4192,925
4834,926
4524,927
2681,928
1455,929
1117,930
6634,931
5227,932
2440,933
3906,934
7653,935
1479,936
8096,937
2666,938
8892,939
3155,940
7770,941
9284,942
8789,943
9010,944
2202,945
8495,946
9866,947
9501,948
9022,949
6455,950
4926,951
8324,952
3193,953
6306,954
3040,955
1393,956
7631,957
3297,958
6929,959
2342,960
2900,961
5827,962
2424,963
5517,964
6713,965
9918,966
7655,967
8456,968
4701,969
1170,970
5053,971
5066,972
7349,973
9349,974
2359,975
1365,976
4065,977
8817,978
1339,979
7117,980
3875,981
2916,982
3281,983
9997,984
5192,985
3876,986
3207,987
5134,988
5061,989
4986,990
8135,991
8317,992
5904,993
1985,994
6593,995
5458,996
7473,997
3320,998
9075,999
7167,1000
6711,1001
8674,1002
4821,1003
7346,1004
6827,1005
5009,1006
2255,1007
4878,1008
8578,1009
2484,1010
4797,1011
7021,1012
7889,1013
3962,1014
6700,1015
1194,1016
5648,1017
7038,1018
9972,1019
4292,1020
9932,1021
4116,1022
7037,1023
3629,1024
2615,1025
8634,1026
8134,1027
1868,1028
6167,1029
4515,1030
3361,1031
8427,1032
3665,1033
9346,1034
2506,1035
5065,1036
9220,1037
2024,1038
3148,1039
9206,1040
4250,1041
2216,1042
2842,1043
1030,1044
4251,1045
3174,1046
9787,1047
5869,1048
7322,1049
9762,1050
2178,1051
6602,1052
3041,1053
7824,1054
4981,1055
1235,1056
6649,1057
6999,1058
1366,1059
6316,1060
6063,1061
8592,1062
8201,1063
7772,1064
4909,1065
8612,1066
9718,1067
6510,1068
8586,1069
4319,1070
8669,1071
5467,1072
5604,1073
2149,1074
9793,1075
4630,1076
8414,1077
1362,1078
3533,1079
7961,1080
2966,1081
8754,1082
3226,1083
1138,1084
9628,1085
6674,1086
4845,1087
6938,1088
4424,1089
1834,1090
1601,1091
3792,1092
5011,1093
7694,1094
3548,1095
7229,1096
4219,1097
2819,1098
1463,1099
4900,1100
7841,1101
6987,1102
7539,1103
4032,1104
6952,1105
7270,1106
6298,1107
8412,1108
3037,1109
7717,1110
6979,1111
7530,1112
7355,1113
2512,1114
4611,1115
7945,1116
1473,1117
6714,1118
1708,1119
7464,1120
5389,1121
9042,1122
1969,1123
9767,1124
2695,1125
8551,1126
9381,1127
5862,1128
4314,1129
5306,1130
9094,1131
7448,1132
4853,1133
4418,1134
6967,1135
9030,1136
8293,1137
7357,1138
2501,1139
5950,1140
7121,1141
2021,1142
2669,1143
8613,1144
3530,1145
6557,1146
2683,1147
8987,1148
2413,1149
4474,1150
7079,1151
8967,1152
8629,1153
9096,1154
6547,1155
6092,1156
7214,1157
7173,1158
6716,1159
3753,1160
1292,1161
1044,1162
5122,1163
8883,1164
8716,1165
5946,1166
8276,1167
4704,1168
1619,1169
1904,1170
7521,1171
7962,1172
2856,1173
3947,1174
4143,1175
8562,1176
6881,1177
9853,1178
1432,1179
4903,1180
3150,1181
2755,1182
1331,1183
5266,1184
1671,1185
9521,1186
1963,1187
8997,1188
4027,1189
2431,1190
7141,1191
9317,1192
5375,1193
8718,1194
3836,1195
9596,1196
4266,1197
9006,1198
8515,1199
9230,1200
4085,1201
1918,1202
7209,1203
9279,1204
7566,1205
8051,1206
7439,1207
2964,1208
7728,1209
9658,1210
8253,1211
4060,1212
9788,1213
2638,1214
1427,1215
1810,1216
5018,1217
5951,1218
8237,1219
5525,1220
1136,1221
3417,1222
7522,1223
3117,1224
7908,1225
9184,1226
7310,1227
1905,1228
6203,1229
5321,1230
7252,1231
8371,1232
4947,1233
9645,1234
1657,1235
2874,1236
7033,1237
9714,1238
1254,1239
6892,1240
8065,1241
4157,1242
3758,1243
5743,1244
3365,1245
1950,1246
3794,1247
8502,1248
3227,1249
9140,1250
7668,1251
4132,1252
8319,1253
8519,1254
1494,1255
7321,1256
5915,1257
6438,1258
1076,1259
9595,1260
7107,1261
1574,1262
5976,1263
7129,1264
8979,1265
7279,1266
1523,1267
2262,1268
5597,1269
6944,1270
6187,1271
1538,1272
2103,1273
4265,1274
1684,1275
6423,1276
6893,1277
3600,1278
7676,1279
5515,1280
3137,1281
8505,1282
5200,1283
9160,1284
7210,1285
3966,1286
7398,1287
7542,1288
5589,1289
5897,1290
8451,1291
4061,1292
4572,1293
5948,1294
2354,1295
8932,1296
1779,1297
9750,1298
5620,1299
7102,1300
4084,1301
3971,1302
3925,1303
9526,1304
2694,1305
4130,1306
4892,1307
2498,1308
4467,1309
7320,1310
7082,1311
7410,1312
4999,1313
9542,1314
4990,1315
1967,1316
3672,1317
8162,1318
4741,1319
6261,1320
5216,1321
4165,1322
8198,1323
1862,1324
9112,1325
1939,1326
6605,1327
9829,1328
5486,1329
2241,1330
5694,1331
6276,1332
5307,1333
3996,1334
4718,1335
3000,1336
1638,1337
9790,1338
9958,1339
4374,1340
6829,1341
3751,1342
9927,1343
3080,1344
9037,1345
8467,1346
5549,1347
2539,1348
2145,1349
7885,1350
5996,1351
8535,1352
8550,1353
9936,1354
1372,1355
5579,1356
8339,1357
4851,1358
6644,1359
6415,1360
7145,1361
4217,1362
3832,1363
4670,1364
2551,1365
6917,1366
5969,1367
2185,1368
1355,1369
5304,1370
3484,1371
6565,1372
6323,1373
2962,1374
7023,1375
9753,1376
9134,1377
5189,1378
1341,1379
7513,1380
5118,1381
9766,1382
3311,1383
7623,1384
8121,1385
6901,1386
1664,1387
6585,1388
2857,1389
8782,1390
6777,1391
7843,1392
9387,1393
7034,1394
7654,1395
6571,1396
1002,1397
3294,1398
2519,1399
4099,1400
2141,1401
3236,1402
5278,1403
9145,1404
1666,1405
7804,1406
1676,1407
7557,1408
1226,1409
5069,1410
5135,1411
5203,1412
5427,1413
4960,1414
2234,1415
6207,1416
1952,1417
2619,1418
8466,1419
4236,1420
5441,1421
2124,1422
2765,1423
2044,1424
9569,1425
7429,1426
7744,1427
7514,1428
4177,1429
6770,1430
1107,1431
8579,1432
6361,1433
8297,1434
2945,1435
6919,1436
8169,1437
3609,1438
9064,1439
5397,1440
6031,1441
8397,1442
2939,1443
6905,1444
9731,1445
8171,1446
4268,1447
1542,1448
4762,1449
1728,1450
1054,1451
3664,1452
4420,1453
3507,1454
2348,1455
4227,1456
8683,1457
8423,1458
4685,1459
4674,1460
4366,1461
9336,1462
1376,1463
5553,1464
4262,1465
9302,1466
8367,1467
8164,1468
5444,1469
2082,1470
1142,1471
6083,1472
9983,1473
9834,1474
4828,1475
6193,1476
1204,1477
5878,1478
5042,1479
8123,1480
4601,1481
4458,1482
4272,1483
7639,1484
7637,1485
8710,1486
8170,1487
6939,1488
5256,1489
7509,1490
4773,1491
9031,1492
2797,1493
6036,1494
9083,1495
5353,1496
9049,1497
8268,1498
7194,1499
5626,1500
3364,1501
2741,1502
9116,1503
5624,1504
7452,1505
8174,1506
2388,1507
9363,1508
7992,1509
5468,1510
1539,1511
1020,1512
4965,1513
3259,1514
2307,1515
9953,1516
1996,1517
1243,1518
6113,1519
4953,1520
3561,1521
1980,1522
5979,1523
7027,1524
8965,1525
4150,1526
2464,1527
5844,1528
3302,1529
5518,1530
4247,1531
8223,1532
6550,1533
4671,1534
5235,1535
6332,1536
2450,1537
2895,1538
4153,1539
5223,1540
5727,1541
8099,1542
1092,1543
2368,1544
5989,1545
2948,1546
3254,1547
4126,1548
6566,1549
6852,1550
2975,1551
7373,1552
5281,1553
5313,1554
7147,1555
6231,1556
8696,1557
7839,1558
7048,1559
5699,1560
2136,1561
5555,1562
8193,1563
6019,1564
5529,1565
3425,1566
2637,1567
1999,1568
4228,1569
3323,1570
3011,1571
4864,1572
7106,1573
5204,1574
7860,1575
7575,1576
4218,1577
7780,1578
1174,1579
8411,1580
1496,1581
4871,1582
4556,1583
1595,1584
6305,1585
9439,1586
8286,1587
1781,1588
1792,1589
7376,1590
6322,1591
4813,1592
7768,1593
4026,1594
2528,1595
3786,1596
7873,1597
5825,1598
5369,1599
6328,1600
7811,1601
1865,1602
7419,1603
1812,1604
3890,1605
2947,1606
6009,1607
5294,1608
6821,1609
2458,1610
2173,1611
9698,1612
1378,1613
9174,1614
8477,1615
9469,1616
6483,1617
8684,1618
9016,1619
1357,1620
4794,1621
2807,1622
5443,1623
7269,1624
6966,1625
1723,1626
3145,1627
7866,1628
5563,1629
9600,1630
9637,1631
1143,1632
8468,1633
3723,1634
9920,1635
6703,1636
2414,1637
4982,1638
1769,1639
9623,1640
3062,1641
6311,1642
2201,1643
4551,1644
5893,1645
1151,1646
8926,1647
6220,1648
5286,1649
7481,1650
8141,1651
6493,1652
5424,1653
2985,1654
2167,1655
4545,1656
6604,1657
2264,1658
1933,1659
4812,1660
8858,1661
8686,1662
3788,1663
9334,1664
7339,1665
5962,1666
1438,1667
3877,1668
4394,1669
4353,1670
1613,1671
2872,1672
3825,1673
1515,1674
4529,1675
2092,1676
3782,1677
6432,1678
7595,1679
5988,1680
6079,1681
1506,1682
5187,1683
6704,1684
1770,1685
7929,1686
8956,1687
1597,1688
4514,1689
5295,1690
3004,1691
7495,1692
1122,1693
3771,1694
2677,1695
9824,1696
5864,1697
6501,1698
2284,1699
9937,1700
3867,1701
1568,1702
6151,1703
2830,1704
6377,1705
8800,1706
9735,1707
8151,1708
6519,1709
4589,1710
4859,1711
5785,1712
7058,1713
1225,1714
2653,1715
2272,1716
1488,1717
3992,1718
1675,1719
8968,1720
7020,1721
8633,1722
1782,1723
1272,1724
3902,1725
1214,1726
5499,1727
4087,1728
7674,1729
8589,1730
4661,1731
4764,1732
8300,1733
4159,1734
4390,1735
2684,1736
9071,1737
7574,1738
8929,1739
9785,1740
1531,1741
2705,1742
1310,1743
7829,1744
8864,1745
8567,1746
2064,1747
7857,1748
6883,1749
9882,1750
1232,1751
7649,1752
8973,1753
4786,1754
6450,1755
9357,1756
9529,1757
6717,1758
4978,1759
3489,1760
9089,1761
3116,1762
1346,1763
6068,1764
5123,1765
3566,1766
2089,1767
9015,1768
1489,1769
2606,1770
7498,1771
5682,1772
4451,1773
8292,1774
6841,1775
1086,1776
5077,1777
2054,1778
4252,1779
9837,1780
1340,1781
3354,1782
6675,1783
4008,1784
4249,1785
2402,1786
9705,1787
7517,1788
2888,1789
8039,1790
6424,1791
7996,1792
9863,1793
5963,1794
9574,1795
4831,1796
7354,1797
6007,1798
5590,1799
3382,1800
7549,1801
1477,1802
4485,1803
8084,1804
8717,1805
1869,1806
2453,1807
6652,1808
8485,1809
4404,1810
8935,1811
3377,1812
9017,1813
4908,1814
5028,1815
4213,1816
2913,1817
7487,1818
7555,1819
8098,1820
5303,1821
4610,1822
5713,1823
3685,1824
1011,1825
1706,1826
5099,1827
7684,1828
5767,1829
9072,1830
6809,1831
6963,1832
6099,1833
8384,1834
9567,1835
1397,1836
4100,1837
1161,1838
5874,1839
9726,1840
5934,1841
3074,1842
9899,1843
5856,1844
5587,1845
3594,1846
2630,1847
2379,1848
8001,1849
2172,1850
3159,1851
3240,1852
2832,1853
4370,1854
5429,1855
2367,1856
3346,1857
9351,1858
5562,1859
5760,1860
6255,1861
1306,1862
1373,1863
4664,1864
7698,1865
7602,1866
5300,1867
5025,1868
5670,1869
5057,1870
2337,1871
8336,1872
3189,1873
6274,1874
6696,1875
7265,1876
5807,1877
1450,1878
6591,1879
1486,1880
4056,1881
7817,1882
2094,1883
7883,1884
8855,1885
1401,1886
7621,1887
8906,1888
6444,1889
6189,1890
6265,1891
4097,1892
3560,1893
1672,1894
6056,1895
1647,1896
1642,1897
2306,1898
8281,1899
2343,1900
9992,1901
6904,1902
6573,1903
8524,1904
8282,1905
4125,1906
3476,1907
4742,1908
1641,1909
2432,1910
5610,1911
3655,1912
7895,1913
2598,1914
4877,1915
7434,1916
9880,1917
7560,1918
3847,1919
8623,1920
7075,1921
4092,1922
3270,1923
4406,1924
2554,1925
8540,1926
1493,1927
7586,1928
2137,1929
2707,1930
5664,1931
4203,1932
2489,1933
4624,1934
8434,1935
3770,1936
8673,1937
3333,1938
4373,1939
6001,1940
1167,1941
4317,1942
3954,1943
9236,1944
1386,1945
3110,1946
6945,1947
4672,1948
3158,1949
5771,1950
5857,1951
1784,1952
2848,1953
2514,1954
4565,1955
3933,1956
5542,1957
7105,1958
9498,1959
9719,1960
3485,1961
8510,1962
3449,1963
1546,1964
3217,1965
5194,1966
5902,1967
5671,1968
6050,1969
8604,1970
5601,1971
2786,1972
1756,1973
5917,1974
8950,1975
1345,1976
7640,1977
2868,1978
6699,1979
8230,1980
8645,1981
8389,1982
2384,1983
5912,1984
4695,1985
7179,1986
4921,1987
3251,1988
8976,1989
6003,1990
7656,1991
1821,1992
8061,1993
7779,1994
8063,1995
3632,1996
4323,1997
1818,1998
4790,1999
1269,2000
2751,2001
9633,2002
7092,2003
7490,2004
4495,2005
7505,2006
5715,2007
5885,2008
1572,2009
8749,2010
6282,2011
5536,2012
2550,2013
6232,2014
9095,2015
6101,2016
4637,2017
5129,2018
8069,2019
5868,2020
8726,2021
4308,2022
5136,2023
7172,2024
3502,2025
2205,2026
4242,2027
5483,2028
4419,2029
2409,2030
3165,2031
7993,2032
5619,2033
1072,2034
9894,2035
4802,2036
9772,2037
9164,2038
1956,2039
2287,2040
1973,2041
1819,2042
8296,2043
8312,2044
7080,2045
6920,2046
6823,2047
2792,2048
1544,2049
6971,2050
4932,2051
1560,2052
2471,2053
2210,2054
2086,2055
6356,2056
1231,2057
6021,2058
6747,2059
8688,2060
8077,2061
2565,2062
9410,2063
1934,2064
6335,2065
8309,2066
8348,2067
9593,2068
1876,2069
9383,2070
3907,2071
3946,2072
2496,2073
5612,2074
6100,2075
4816,2076
2215,2077
9831,2078
8611,2079
6629,2080
8606,2081
4465,2082
2253,2083
7138,2084
9846,2085
3797,2086
5363,2087
2260,2088
1014,2089
7964,2090
5155,2091
4848,2092
8428,2093
2035,2094
1008,2095
1510,2096
6494,2097
6618,2098
3734,2099
3929,2100
6256,2101
3312,2102
8340,2103
9643,2104
5079,2105
9088,2106
3005,2107
2594,2108
7968,2109
3803,2110
5779,2111
3944,2112
8130,2113
6173,2114
2816,2115
1851,2116
2221,2117
4053,2118
6914,2119
5930,2120
7313,2121
5901,2122
9560,2123
9367,2124
7576,2125
6497,2126
8626,2127
7944,2128
2902,2129
6877,2130
5171,2131
8299,2132
9517,2133
8107,2134
8616,2135
9344,2136
2999,2137
8195,2138
5774,2139
3486,2140
8497,2141
6638,2142
3675,2143
6911,2144
2346,2145
7001,2146
2174,2147
1598,2148
4243,2149
3817,2150
6570,2151
5202,2152
8032,2153
5020,2154
7622,2155
8581,2156
1847,2157
1304,2158
6708,2159
5876,2160
6285,2161
4076,2162
6670,2163
1091,2164
9135,2165
9963,2166
6225,2167
2366,2168
1317,2169
1732,2170
3660,2171
9113,2172
4311,2173
2971,2174
9553,2175
7436,2176
8137,2177
9954,2178
9814,2179
3081,2180
9508,2181
4604,2182
4708,2183
3735,2184
6928,2185
1891,2186
8003,2187
9337,2188
6781,2189
9360,2190
6089,2191
8807,2192
8254,2193
9557,2194
9147,2195
5984,2196
2732,2197
8846,2198
3988,2199
7012,2200
3175,2201
7711,2202
7764,2203
3732,2204
1831,2205
8687,2206
4111,2207
8029,2208
2877,2209
6985,2210
2299,2211
4705,2212
3012,2213
5327,2214
1074,2215
3267,2216
5396,2217
7113,2218
5153,2219
6646,2220
8421,2221
8593,2222
2640,2223
1499,2224
4592,2225
7341,2226
4912,2227
9577,2228
1240,2229
5346,2230
3606,2231
4808,2232
8601,2233
3895,2234
7838,2235
6518,2236
3697,2237
3038,2238
2147,2239
7911,2240
3583,2241
8168,2242
5383,2243
1070,2244
4799,2245
7242,2246
3412,2247
5481,2248
3465,2249
6350,2250
7585,2251
7484,2252
1902,2253
3934,2254
7009,2255
9929,2256
9990,2257
6294,2258
9063,2259
1361,2260
4924,2261
7411,2262
6568,2263
9246,2264
6812,2265
8546,2266
4196,2267
5546,2268
2552,2269
8907,2270
8607,2271
5672,2272
8721,2273
8925,2274
8914,2275
8047,2276
8642,2277
3843,2278
3097,2279
5905,2280
8458,2281
2039,2282
4230,2283
7126,2284
6810,2285
9816,2286
1511,2287
8279,2288
5983,2289
4098,2290
3434,2291
7006,2292
2405,2293
7030,2294
4807,2295
4118,2296
9008,2297
2801,2298
4435,2299
6960,2300
7303,2301
2585,2302
8835,2303
9453,2304
4789,2305
2007,2306
6364,2307
8222,2308
9563,2309
7290,2310
8035,2311
5573,2312
2546,2313
7344,2314
7177,2315
4038,2316
8969,2317
7249,2318
4003,2319
4441,2320
9224,2321
8373,2322
9249,2323
5693,2324
2158,2325
3015,2326
9576,2327
6968,2328
1114,2329
7706,2330
8447,2331
4093,2332
9760,2333
4594,2334
9668,2335
6130,2336
7241,2337
3888,2338
7110,2339
1133,2340
7607,2341
2906,2342
7297,2343
2180,2344
1035,2345
2908,2346
2507,2347
2687,2348
2014,2349
4500,2350
8026,2351
9556,2352
1993,2353
5903,2354
6995,2355
7974,2356
3263,2357
4784,2358
9861,2359
3692,2360
9287,2361
8574,2362
9171,2363
7643,2364
5594,2365
9616,2366
7611,2367
8729,2368
6157,2369
5445,2370
5704,2371
8901,2372
9900,2373
1825,2374
6247,2375
7435,2376
8660,2377
9611,2378
3214,2379
3990,2380
7468,2381
4687,2382
8196,2383
4148,2384
1158,2385
6045,2386
2230,2387
2642,2388
9656,2389
3172,2390
6544,2391
2175,2392
4579,2393
3181,2394
6044,2395
4635,2396
6858,2397
2129,2398
4620,2399
7471,2400
6237,2401
3743,2402
3699,2403
7232,2404
2256,2405
4086,2406
4961,2407
6693,2408
2922,2409
7329,2410
1468,2411
9166,2412
2188,2413
8328,2414
2890,2415
4383,2416
4497,2417
3039,2418
6946,2419
1027,2420
8186,2421
8238,2422
2652,2423
4046,2424
6478,2425
8985,2426
1004,2427
5344,2428
6688,2429
8676,2430
6420,2431
7714,2432
4788,2433
6972,2434
2970,2435
9404,2436
5566,2437
4619,2438
9586,2439
3390,2440
4767,2441
7892,2442
3539,2443
7083,2444
8539,2445
3967,2446
3975,2447
3389,2448
8006,2449
2734,2450
8995,2451
4870,2452
7755,2453
1856,2454
5649,2455
8937,2456
5442,2457
4732,2458
8409,2459
9057,2460
7466,2461
1734,2462
5337,2463
3708,2464
6105,2465
6034,2466
6150,2467
5598,2468
9660,2469
2661,2470
7909,2471
7164,2472
7154,2473
5087,2474
4869,2475
7085,2476
9951,2477
8834,2478
6592,2479
7291,2480
2806,2481
9477,2482
2478,2483
3960,2484
2932,2485
7721,2486
2586,2487
6621,2488
1633,2489
3232,2490
9376,2491
4612,2492
7758,2493
1854,2494
5657,2495
9804,2496
2520,2497
5811,2498
9830,2499
6210,2500
9197,2501
2759,2502
6589,2503
6694,2504
7400,2505
3014,2506
2168,2507
5982,2508
7119,2509
7213,2510
6530,2511
5373,2512
8390,2513
8013,2514
2952,2515
9873,2516
9602,2517
8034,2518
9651,2519
9033,2520
2988,2521
9018,2522
5559,2523
7276,2524
6651,2525
7693,2526
6161,2527
8494,2528
4045,2529
6260,2530
4293,2531
3065,2532
3710,2533
4905,2534
8814,2535
6620,2536
2754,2537
5937,2538
8909,2539
3562,2540
9912,2541
3634,2542
3800,2543
6321,2544
4475,2545
9704,2546
2717,2547
1064,2548
9931,2549
6018,2550
4761,2551
6873,2552
6707,2553
2703,2554
3082,2555
2429,2556
4887,2557
8153,2558
2885,2559
2132,2560
7793,2561
5860,2562
9424,2563
4650,2564
3942,2565
9994,2566
9486,2567
3943,2568
8062,2569
6499,2570
6516,2571
9890,2572
7686,2573
3394,2574
8295,2575
8231,2576
2127,2577
8473,2578
3021,2579
1441,2580
4792,2581
9938,2582
8955,2583
8125,2584
5958,2585
8888,2586
7888,2587
3722,2588
5485,2589
4180,2590
7100,2591
5274,2592
1219,2593
4301,2594
9644,2595
9286,2596
1885,2597
1502,2598
1348,2599
8490,2600
2242,2601
2897,2602
9029,2603
6132,2604
3479,2605
6229,2606
2016,2607
4297,2608
2430,2609
5750,2610
5939,2611
7763,2612
1564,2613
7070,2614
2844,2615
6974,2616
3605,2617
1527,2618
7645,2619
8743,2620
7239,2621
1169,2622
5376,2623
6069,2624
3208,2625
1840,2626
8088,2627
9848,2628
8007,2629
8246,2630
5341,2631
8252,2632
8572,2633
1602,2634
2824,2635
2037,2636
9807,2637
8936,2638
2960,2639
8913,2640
1193,2641
1705,2642
8819,2643
3304,2644
7591,2645
5622,2646
2805,2647
5143,2648
5817,2649
2195,2650
4883,2651
1256,2652
7091,2653
2497,2654
1313,2655
1857,2656
7302,2657
8476,2658
4183,2659
8000,2660
7504,2661
3714,2662
2227,2663
2463,2664
7978,2665
2984,2666
5847,2667
3143,2668
8653,2669
2980,2670
2576,2671
8893,2672
2224,2673
7581,2674
3350,2675
9916,2676
4455,2677
5740,2678
5147,2679
1694,2680
4423,2681
5526,2682
8825,2683
1649,2684
7828,2685
5632,2686
8226,2687
1061,2688
8273,2689
6587,2690
1773,2691
6528,2692
4733,2693
1359,2694
6114,2695
7554,2696
5764,2697
7515,2698
6057,2699
6826,2700
2223,2701
5700,2702
1195,2703
2934,2704
7771,2705
9138,2706
1678,2707
2737,2708
2604,2709
6029,2710
8706,2711
7120,2712
6196,2713
3626,2714
9874,2715
3884,2716
3391,2717
2117,2718
5040,2719
9550,2720
5131,2721
6788,2722
4586,2723
1940,2724
1128,2725
5434,2726
1215,2727
3337,2728
2583,2729
9179,2730
9483,2731
3147,2732
6671,2733
2427,2734
1078,2735
3123,2736
8053,2737
6962,2738
4833,2739
2783,2740
4546,2741
4487,2742
2912,2743
6005,2744
6352,2745
7837,2746
5734,2747
1744,2748
3577,2749
4796,2750
1817,2751
5952,2752
1514,2753
8338,2754
7924,2755
1845,2756
6949,2757
8523,2758
5130,2759
1591,2760
3938,2761
4743,2762
5240,2763
8102,2764
7553,2765
7424,2766
5830,2767
3205,2768
4507,2769
2838,2770
2160,2771
4289,2772
9566,2773
2232,2774
3036,2775
2969,2776
4818,2777
2392,2778
1023,2779
5990,2780
7835,2781
6511,2782
9120,2783
8617,2784
2784,2785
9841,2786
1492,2787
1547,2788
4273,2789
7219,2790
1556,2791
4426,2792
5837,2793
3540,2794
2362,2795
6489,2796
6348,2797
1360,2798
2979,2799
5688,2800
7815,2801
7170,2802
5421,2803
3413,2804
3408,2805
2686,2806
2685,2807
4120,2808
6390,2809
3358,2810
5325,2811
8542,2812
9407,2813
4462,2814
4522,2815
8959,2816
9242,2817
1679,2818
4110,2819
1181,2820
2670,2821
2070,2822
7969,2823
6666,2824
5755,2825
3068,2826
9296,2827
8517,2828
3055,2829
3003,2830
8663,2831
9181,2832
8241,2833
9276,2834
8872,2835
2804,2836
7326,2837
5460,2838
3645,2839
4714,2840
8308,2841
7195,2842
8385,2843
4063,2844
4649,2845
6872,2846
3250,2847
4327,2848
5993,2849
5330,2850
3128,2851
7681,2852
2418,2853
6008,2854
3079,2855
2865,2856
7157,2857
6406,2858
8620,2859
2083,2860
6414,2861
1909,2862
8203,2863
2186,2864
3098,2865
4367,2866
6578,2867
3274,2868
7161,2869
1467,2870
5584,2871
8483,2872
1549,2873
3822,2874
8543,2875
6575,2876
5665,2877
3282,2878
8943,2879
2198,2880
4031,2881
5124,2882
5717,2883
8549,2884
7122,2885
6965,2886
6389,2887
5720,2888
2918,2889
4720,2890
9130,2891
8002,2892
8637,2893
6059,2894
1916,2895
3903,2896
4156,2897
4991,2898
1635,2899
5567,2900
1418,2901
3084,2902
9776,2903
1396,2904
3891,2905
2818,2906
4599,2907
4699,2908
8482,2909
3952,2910
9107,2911
8287,2912
9128,2913
4929,2914
2771,2915
1399,2916
6903,2917
5382,2918
5195,2919
4412,2920
2040,2921
3618,2922
7311,2923
9078,2924
6492,2925
9046,2926
4178,2927
1775,2928
6525,2929
4278,2930
5095,2931
9292,2932
7788,2933
9172,2934
2875,2935
9849,2936
3366,2937
4994,2938
5107,2939
5929,2940
9578,2941
1718,2942
2625,2943
2942,2944
4598,2945
3284,2946
5537,2947
9448,2948
3698,2949
7155,2950
9111,2951
3668,2952
5425,2953
6537,2954
5238,2955
2095,2956
4145,2957
4927,2958
8690,2959
6369,2960
8806,2961
5848,2962
1364,2963
4375,2964
6445,2965
3512,2966
7512,2967
7271,2968
5882,2969
5482,2970
9239,2971
9854,2972
6435,2973
1137,2974
1146,2975
5361,2976
7842,2977
6396,2978
1277,2979
7582,2980
4405,2981
6916,2982
8656,2983
9763,2984
5849,2985
2360,2986
7919,2987
3584,2988
7798,2989
2399,2990
6586,2991
1001,2992
2372,2993
4078,2994
6628,2995
2474,2996
6457,2997
3317,2998
8267,2999
6309,3000
2540,3001
7050,3002
9434,3003
3296,3004
9041,3005
8545,3006
6354,3007
2915,3008
8326,3009
5100,3010
2289,3011
4090,3012
9910,3013
9085,3014
5623,3015
7713,3016
4716,3017
4171,3018
8435,3019
5668,3020
2921,3021
3468,3022
9541,3023
9305,3024
1978,3025
6123,3026
5641,3027
6315,3028
8853,3029
6782,3030
9618,3031
2487,3032
4811,3033
7592,3034
3515,3035
1481,3036
4208,3037
9857,3038
9086,3039
6182,3040
9009,3041
4022,3042
2785,3043
9986,3044
7254,3045
7975,3046
8981,3047
7175,3048
5399,3049
9084,3050
5251,3051
5459,3052
9694,3053
9575,3054
5710,3055
2896,3056
4336,3057
5214,3058
3677,3059
6310,3060
6145,3061
4055,3062
1983,3063
3874,3064
4002,3065
6768,3066
4123,3067
9840,3068
3559,3069
5498,3070
1669,3071
2636,3072
7043,3073
9309,3074
5060,3075
4483,3076
3841,3077
2542,3078
9687,3079
1334,3080
7166,3081
8681,3082
1521,3083
9214,3084
4772,3085
4585,3086
9419,3087
8127,3088
6153,3089
2802,3090
5561,3091
6342,3092
8902,3093
5360,3094
3426,3095
1763,3096
6978,3097
1056,3098
9087,3099
2682,3100
9136,3101
7203,3102
2265,3103
5749,3104
8496,3105
7319,3106
8211,3107
2873,3108
5804,3109
8042,3110
4298,3111
5322,3112
9741,3113
9875,3114
5335,3115
2855,3116
4290,3117
1176,3118
1036,3119
3598,3120
7060,3121
2196,3122
5739,3123
2271,3124
9701,3125
3183,3126
6217,3127
3557,3128
6745,3129
8702,3130
5839,3131
9904,3132
9300,3133
2697,3134
5021,3135
8392,3136
4513,3137
8499,3138
6887,3139
9738,3140
7731,3141
6824,3142
7028,3143
8122,3144
4595,3145
9466,3146
7159,3147
7748,3148
6896,3149
7457,3150
9769,3151
5078,3152
1699,3153
6357,3154
4842,3155
2957,3156
7014,3157
1936,3158
3343,3159
4547,3160
9758,3161
2351,3162
5533,3163
4368,3164
6837,3165
7143,3166
6792,3167
2119,3168
8763,3169
6244,3170
2982,3171
8056,3172
1780,3173
2135,3174
7871,3175
5818,3176
4578,3177
4067,3178
8677,3179
2183,3180
2655,3181
7899,3182
9471,3183
7039,3184
2643,3185
1822,3186
3199,3187
7546,3188
9447,3189
5677,3190
5142,3191
9699,3192
7071,3193
7572,3194
8263,3195
3857,3196
3406,3197
2027,3198
3278,3199
9080,3200
3927,3201
8583,3202
3518,3203
1255,3204
4571,3205
3473,3206
1301,3207
8986,3208
7830,3209
8678,3210
1745,3211
6024,3212
9332,3213
8947,3214
1685,3215
1555,3216
3071,3217
1060,3218
1470,3219
2106,3220
2739,3221
3202,3222
9800,3223
2738,3224
8396,3225
5582,3226
7109,3227
2304,3228
3796,3229
6838,3230
7982,3231
7776,3232
1371,3233
1411,3234
4857,3235
1948,3236
2894,3237
9715,3238
7878,3239
7101,3240
3185,3241
6773,3242
1540,3243
6679,3244
1009,3245
5160,3246
5476,3247
4964,3248
8865,3249
4276,3250
8399,3251
2107,3252
2421,3253
7176,3254
5156,3255
6741,3256
8651,3257
8711,3258
9502,3259
4167,3260
2387,3261
5769,3262
1388,3263
8363,3264
1682,3265
1914,3266
7423,3267
8842,3268
7630,3269
5726,3270
5225,3271
8709,3272
5528,3273
4906,3274
8734,3275
2730,3276
2779,3277
2571,3278
4261,3279
4815,3280
9187,3281
6032,3282
1332,3283
4044,3284
4872,3285
6117,3286
7939,3287
5853,3288
9144,3289
2378,3290
8755,3291
6596,3292
5215,3293
1573,3294
5412,3295
2291,3296
8457,3297
7427,3298
5730,3299
9340,3300
9388,3301
5356,3302
6984,3303
8365,3304
9019,3305
8736,3306
7571,3307
3704,3308
3142,3309
1335,3310
9402,3311
5914,3312
9632,3313
9005,3314
3253,3315
5508,3316
6040,3317
5067,3318
6109,3319
2549,3320
9427,3321
6134,3322
8625,3323
3478,3324
9734,3325
7778,3326
3470,3327
7266,3328
6288,3329
8055,3330
1886,3331
9285,3332
2903,3333
6951,3334
4131,3335
2691,3336
1823,3337
7403,3338
4011,3339
3441,3340
8307,3341
8778,3342
1643,3343
4305,3344
7140,3345
9021,3346
8559,3347
5231,3348
7233,3349
9539,3350
5615,3351
5193,3352
1338,3353
5514,3354
4970,3355
8971,3356
8353,3357
7049,3358
2923,3359
1541,3360
4655,3361
7485,3362
2891,3363
7789,3364
6509,3365
8962,3366
7847,3367
8993,3368
5259,3369
4862,3370
3056,3371
4211,3372
4914,3373
9957,3374
2171,3375
6522,3376
7802,3377
6695,3378
4347,3379
6867,3380
7891,3381
1787,3382
4901,3383
7137,3384
1209,3385
6849,3386
7078,3387
1350,3388
5359,3389
4198,3390
5046,3391
5388,3392
9484,3393
7864,3394
4042,3395
4625,3396
3869,3397
1738,3398
4432,3399
9677,3400
9303,3401
2331,3402
2181,3403
3840,3404
7544,3405
4596,3406
2790,3407
1757,3408
2622,3409
8933,3410
2018,3411
5813,3412
4771,3413
4580,3414
9612,3415
9001,3416
4071,3417
7972,3418
1804,3419
7603,3420
6243,3421
8781,3422
2049,3423
7361,3424
7732,3425
9491,3426
2267,3427
9761,3428
7402,3429
3756,3430
8636,3431
4170,3432
2357,3433
3703,3434
7483,3435
8256,3436
4639,3437
9470,3438
6744,3439
1000,3440
3915,3441
6138,3442
5919,3443
7325,3444
5176,3445
1333,3446
5352,3447
7224,3448
3114,3449
9099,3450
2248,3451
7187,3452
1285,3453
6815,3454
7874,3455
6227,3456
6221,3457
9266,3458
7598,3459
9478,3460
7461,3461
4358,3462
6580,3463
4703,3464
2972,3465
7275,3466
1945,3467
2901,3468
5451,3469
3926,3470
3526,3471
7225,3472
9827,3473
1789,3474
7813,3475
2914,3476
7379,3477
3783,3478
8441,3479
7405,3480
6844,3481
2595,3482
5609,3483
2925,3484
5113,3485
8209,3486
5430,3487
2081,3488
2056,3489
1681,3490
4188,3491
7997,3492
2782,3493
2395,3494
3265,3495
7769,3496
2125,3497
4955,3498
7642,3499
5652,3500
5296,3501
5261,3502
3438,3503
9438,3504
3353,3505
9464,3506
7624,3507
3001,3508
1824,3509
7139,3510
8644,3511
1764,3512
4681,3513
5348,3514
5974,3515
1149,3516
4001,3517
6290,3518
7118,3519
2011,3520
2811,3521
9458,3522
2879,3523
6617,3524
1587,3525
1168,3526
3318,3527
4107,3528
9906,3529
2166,3530
1052,3531
4344,3532
8059,3533
3503,3534
9304,3535
1018,3536
4512,3537
7455,3538
3092,3539
6615,3540
1737,3541
1353,3542
5875,3543
3662,3544
6116,3545
7641,3546
4954,3547
9103,3548
2133,3549
8885,3550
2148,3551
1290,3552
1827,3553
5942,3554
4678,3555
1471,3556
7184,3557
4950,3558
1404,3559
4843,3560
7104,3561
8040,3562
9338,3563
9359,3564
6336,3565
3826,3566
9157,3567
3669,3568
2601,3569
6431,3570
2929,3571
2355,3572
8041,3573
1535,3574
5683,3575
9653,3576
5894,3577
2436,3578
6491,3579
7604,3580
6271,3581
5772,3582
4313,3583
8450,3584
2439,3585
9212,3586
1264,3587
9630,3588
1079,3589
7920,3590
3289,3591
4295,3592
5646,3593
3589,3594
7391,3595
3886,3596
9780,3597
2099,3598
2222,3599
1553,3600
7189,3601
9756,3602
5416,3603
9888,3604
7709,3605
4379,3606
4966,3607
1159,3608
9926,3609
7008,3610
3169,3611
8446,3612
7977,3613
9950,3614
6156,3615
2477,3616
2720,3617
3475,3618
6139,3619
4070,3620
7022,3621
8843,3622
3368,3623
6545,3624
9137,3625
9012,3626
8262,3627
4331,3628
9253,3629
8175,3630
1658,3631
9244,3632
4328,3633
7998,3634
8407,3635
4518,3636
8803,3637
3432,3638
2100,3639
9545,3640
8374,3641
7409,3642
5279,3643
2935,3644
3969,3645
7551,3646
7031,3647
9269,3648
8787,3649
2492,3650
1650,3651
4414,3652
1739,3653
8801,3654
6541,3655
6878,3656
1590,3657
4354,3658
9361,3659
3351,3660
6732,3661
2042,3662
4434,3663
2582,3664
2593,3665
8667,3666
3316,3667
9949,3668
3994,3669
2961,3670
7301,3671
1618,3672
7739,3673
9391,3674
9871,3675
1807,3676
9444,3677
2371,3678
1022,3679
6091,3680
7901,3681
7931,3682
1241,3683
6434,3684
9745,3685
3795,3686
6931,3687
7795,3688
9669,3689
5167,3690
6720,3691
9245,3692
5596,3693
9150,3694
4847,3695
6526,3696
8830,3697
8225,3698
3483,3699
7756,3700
9562,3701
1016,3702
9068,3703
8422,3704
4698,3705
5631,3706
9681,3707
2303,3708
1262,3709
2958,3710
3133,3711
4039,3712
7160,3713
1559,3714
2781,3715
7781,3716
8632,3717
2672,3718
5588,3719
5206,3720
8011,3721
7587,3722
6678,3723
7066,3724
7799,3725
1615,3726
9722,3727
1802,3728
4220,3729
5248,3730
6786,3731
8234,3732
4411,3733
7760,3734
3531,3735
9847,3736
3973,3737
9809,3738
9385,3739
3173,3740
9455,3741
3088,3742
9070,3743
3022,3744
6016,3745
5221,3746
4437,3747
4080,3748
5034,3749
6475,3750
2030,3751
9801,3752
5810,3753
8703,3754
6159,3755
6801,3756
2726,3757
5565,3758
4212,3759
2644,3760
4112,3761
4209,3762
7680,3763
6199,3764
6439,3765
4214,3766
8713,3767
9727,3768
7414,3769
2349,3770
1989,3771
4197,3772
3661,3773
9548,3774
8525,3775
2088,3776
8264,3777
9301,3778
3163,3779
8484,3780
9864,3781
7745,3782
4229,3783
2316,3784
2000,3785
4915,3786
7821,3787
6845,3788
7707,3789
6902,3790
2115,3791
7536,3792
1513,3793
3091,3794
7488,3795
5101,3796
7593,3797
2207,3798
6789,3799
7199,3800
3861,3801
5783,3802
6885,3803
8863,3804
2623,3805
1460,3806
7097,3807
4253,3808
5732,3809
5351,3810
4127,3811
4755,3812
6376,3813
3968,3814
6835,3815
9573,3816
3491,3817
6606,3818
6890,3819
3109,3820
6200,3821
1278,3822
6088,3823
6650,3824
9552,3825
4647,3826
1768,3827
9040,3828
1946,3829
3673,3830
8748,3831
4369,3832
7853,3833
3912,3834
1328,3835
2632,3836
4454,3837
8289,3838
3898,3839
2664,3840
6958,3841
5805,3842
1701,3843
9646,3844
5027,3845
6856,3846
8471,3847
3550,3848
3045,3849
5268,3850
5926,3851
1319,3852
5104,3853
9739,3854
5154,3855
7482,3856
3075,3857
1094,3858
3757,3859
2559,3860
6800,3861
7130,3862
1815,3863
2590,3864
2983,3865
1387,3866
2123,3867
3490,3868
1630,3869
4710,3870
7277,3871
6214,3872
1309,3873
5600,3874
3900,3875
4856,3876
9222,3877
9695,3878
8433,3879
3186,3880
6897,3881
1954,3882
4814,3883
4641,3884
8017,3885
6043,3886
1385,3887
8354,3888
2005,3889
2977,3890
9544,3891
2591,3892
4621,3893
8331,3894
9747,3895
3506,3896
4473,3897
4933,3898
6412,3899
5023,3900
7507,3901
9855,3902
7679,3903
6639,3904
8832,3905
6862,3906
9729,3907
1798,3908
8415,3909
8350,3910
4200,3911
5581,3912
6947,3913
1920,3914
3702,3915
5463,3916
2442,3917
4025,3918
1217,3919
9598,3920
7087,3921
9076,3922
3277,3923
7163,3924
3681,3925
6767,3926
7935,3927
9026,3928
5186,3929
2266,3930
6110,3931
4874,3932
3811,3933
1640,3934
3442,3935
4726,3936
6121,3937
2247,3938
1110,3939
4509,3940
8600,3941
6013,3942
8827,3943
5816,3944
9976,3945
5924,3946
4945,3947
3261,3948
3701,3949
4054,3950
8750,3951
4669,3952
2410,3953
8235,3954
1308,3955
6712,3956
7292,3957
7088,3958
5003,3959
9173,3960
5618,3961
5708,3962
7725,3963
2967,3964
7545,3965
9261,3966
2657,3967
5702,3968
9696,3969
3527,3970
3440,3971
3870,3972
3028,3973
1761,3974
2547,3975
9627,3976
8327,3977
9272,3978
3549,3979
1612,3980
1696,3981
9886,3982
9879,3983
1144,3984
5535,3985
7460,3986
4958,3987
7752,3988
8501,3989
8938,3990
9581,3991
4606,3992
3255,3993
8370,3994
8881,3995
5887,3996
9232,3997
1147,3998
8652,3999
2192,4000
2570,4001
5311,4002
1315,4003
3616,4004
8564,4005
6969,4006
8527,4007
4830,4008
8862,4009
2177,4010
9308,4011
2469,4012
5190,4013
8182,4014
6211,4015
3889,4016
7223,4017
6204,4018
3138,4019
5137,4020
6601,4021
5146,4022
6292,4023
3838,4024
2812,4025
1446,4026
3816,4027
6141,4028
1528,4029
2488,4030
8277,4031
4232,4032
3025,4033
3032,4034
3563,4035
5007,4036
7948,4037
5413,4038
1979,4039
6600,4040
9282,4041
4431,4042
5943,4043
5617,4044
4403,4045
7936,4046
6409,4047
6848,4048
2840,4049
8605,4050
2724,4051
2417,4052
1995,4053
3192,4054
2748,4055
1746,4056
1881,4057
4829,4058
7573,4059
5183,4060
3727,4061
5222,4062
9182,4063
4692,4064
7018,4065
6576,4066
7846,4067
7180,4068
2114,4069
6344,4070
8770,4071
3638,4072
5662,4073
2808,4074
9362,4075
2036,4076
5778,4077
1448,4078
9678,4079
9943,4080
3554,4081
3362,4082
7300,4083
9457,4084
7476,4085
9053,4086
5198,4087
4240,4088
3593,4089
8771,4090
1864,4091
1230,4092
2791,4093
8569,4094
1887,4095
9703,4096
7980,4097
9169,4098
9426,4099
7658,4100
8823,4101
3124,4102
4113,4103
6529,4104
6071,4105
3831,4106
7491,4107
9394,4108
1651,4109
6351,4110
7856,4111
6039,4112
9605,4113
6250,4114
1888,4115
8948,4116
1562,4117
1382,4118
3496,4119
3359,4120
5922,4121
6496,4122
6766,4123
7534,4124
9782,4125
9123,4126
3986,4127
4768,4128
1970,4129
1606,4130
8325,4131
3914,4132
4068,4133
6174,4134
1025,4135
4890,4136
5995,4137
7699,4138
1788,4139
9177,4140
9942,4141
4288,4142
4504,4143
4372,4144
7548,4145
7261,4146
8402,4147
9048,4148
4659,4149
3733,4150
2558,4151
5812,4152
3667,4153
1626,4154
4023,4155
6616,4156
9680,4157
9505,4158
4307,4159
9384,4160
2243,4161
8094,4162
6831,4163
8131,4164
4880,4165
5478,4166
2305,4167
1991,4168
9558,4169
2629,4170
5163,4171
3799,4172
1456,4173
4885,4174
8916,4175
3435,4176
4439,4177
3706,4178
6895,4179
7383,4180
5931,4181
6886,4182
5273,4183
9074,4184
3713,4185
3076,4186
3103,4187
3188,4188
3972,4189
6761,4190
4447,4191
7196,4192
2274,4193
1384,4194
6627,4195
9481,4196
7059,4197
8005,4198
3247,4199
5245,4200
4338,4201
2523,4202
4501,4203
6482,4204
2062,4205
2858,4206
1943,4207
2943,4208
3370,4209
7132,4210
5076,4211
9531,4212
5347,4213
3393,4214
5012,4215
5703,4216
3726,4217
1053,4218
1098,4219
8752,4220
5102,4221
5991,4222
9243,4223
1683,4224
5554,4225
5109,4226
6090,4227
8980,4228
8852,4229
9356,4230
4952,4231
5026,4232
6715,4233
1797,4234
3049,4235
9409,4236
9733,4237
6487,4238
7913,4239
1300,4240
3908,4241
8454,4242
6331,4243
7477,4244
7819,4245
4711,4246
6922,4247
6843,4248
7055,4249
8566,4250
6365,4251
3712,4252
4231,4253
9428,4254
5613,4255
7715,4256
4124,4257
5173,4258
8431,4259
9707,4260
5246,4261
6459,4262
5448,4263
3536,4264
3151,4265
6723,4266
8255,4267
7197,4268
4744,4269
7852,4270
3991,4271
3206,4272
3827,4273
3764,4274
1426,4275
2850,4276
2126,4277
1475,4278
5015,4279
9527,4280
4608,4281
6353,4282
2845,4283
5954,4284
2385,4285
8101,4286
1588,4287
3737,4288
3720,4289
5899,4290
1191,4291
7013,4292
6164,4293
5364,4294
3810,4295
5050,4296
9711,4297
5660,4298
5110,4299
8148,4300
5409,4301
2886,4302
4223,4303
2066,4304
9862,4305
5487,4306
2954,4307
7692,4308
3288,4309
7652,4310
7667,4311
3369,4312
4136,4313
9234,4314
8951,4315
1327,4316
8364,4317
6112,4318
5721,4319
4642,4320
8940,4321
1752,4322
7809,4323
3352,4324
5592,4325
9155,4326
3231,4327
8377,4328
6046,4329
4996,4330
6682,4331
1165,4332
6874,4333
3180,4334
8665,4335
5126,4336
2587,4337
8465,4338
5158,4339
9354,4340
1187,4341
1490,4342
4918,4343
4018,4344
8132,4345
3287,4346
5301,4347
5707,4348
4863,4349
7831,4350
8982,4351
6940,4352
5568,4353
7340,4354
1148,4355
8708,4356
1981,4357
8769,4358
5439,4359
1736,4360
2334,4361
7222,4362
6186,4363
6609,4364
6049,4365
3824,4366
3120,4367
5263,4368
6750,4369
3917,4370
5488,4371
3936,4372
9717,4373
3276,4374
3987,4375
9672,4376
3654,4377
1184,4378
8886,4379
5866,4380
8877,4381
8310,4382
7051,4383
7800,4384
1453,4385
3955,4386
5219,4387
1029,4388
3505,4389
3379,4390
7516,4391
3171,4392
5379,4393
6119,4394
1452,4395
5658,4396
6997,4397
5543,4398
5599,4399
3315,4400
8360,4401
5103,4402
4072,4403
6619,4404
6258,4405
9090,4406
8082,4407
6162,4408
2794,4409
4928,4410
2949,4411
8129,4412
3865,4413
3262,4414
1375,4415
7318,4416
9183,4417
4725,4418
2573,4419
2225,4420
4860,4421
3043,4422
8666,4423
2718,4424
5096,4425
9675,4426
6738,4427
7719,4428
5260,4429
2276,4430
5870,4431
7365,4432
9588,4433
4841,4434
2273,4435
7903,4436
1344,4437
4095,4438
4948,4439
4690,4440
6626,4441
4139,4442
3642,4443
4865,4444
4662,4445
3500,4446
4270,4447
1731,4448
5320,4449
8530,4450
8841,4451
5492,4452
4752,4453
1402,4454
4751,4455
1741,4456
6613,4457
2799,4458
5687,4459
2648,4460
8120,4461
7295,4462
6149,4463
4013,4464
5833,4465
1391,4466
3586,4467
6759,4468
3073,4469
6736,4470
4103,4471
8460,4472
3455,4473
6334,4474
7967,4475
9850,4476
1645,4477
1183,4478
4724,4479
1154,4480
1516,4481
9294,4482
1984,4483
8693,4484
2530,4485
4348,4486
8249,4487
8486,4488
7375,4489
4634,4490
4779,4491
6148,4492
4299,4493
5161,4494
1408,4495
8831,4496
6275,4497
9115,4498
7218,4499
8741,4500
9258,4501
5854,4502
5422,4503
4949,4504
5089,4505
1960,4506
3419,4507
4922,4508
3517,4509
1323,4510
8866,4511
9091,4512
8737,4513
9691,4514
2592,4515
1207,4516
6569,4517
2142,4518
6349,4519
3190,4520
6411,4521
6176,4522
1526,4523
7916,4524
7956,4525
6899,4526
3649,4527
8302,4528
7062,4529
6416,4530
9268,4531
9415,4532
7024,4533
2608,4534
8691,4535
3922,4536
1750,4537
1279,4538
6185,4539
8220,4540
1015,4541
1026,4542
8095,4543
3881,4544
8990,4545
6192,4546
3856,4547
9820,4548
1604,4549
8989,4550
8372,4551
8532,4552
6953,4553
8440,4554
4923,4555
1852,4556
4395,4557
5324,4558
4717,4559
8871,4560
8939,4561
8988,4562
7848,4563
8425,4564
2038,4565
7217,4566
4622,4567
6796,4568
4648,4569
3976,4570
1795,4571
2663,4572
3542,4573
7834,4574
5890,4575
6554,4576
5491,4577
1806,4578
4591,4579
2059,4580
8516,4581
8313,4582
7202,4583
2635,4584
9872,4585
7749,4586
3820,4587
9314,4588
8028,4589
5091,4590
2394,4591
7397,4592
9775,4593
6128,4594
9746,4595
3545,4596
5676,4597
4463,4598
8630,4599
7665,4600
3106,4601
7168,4602
3134,4603
2386,4604
7963,4605
7029,4606
3721,4607
6889,4608
7004,4609
7353,4610
2580,4611
5098,4612
9639,4613
4541,4614
6543,4615
1203,4616
4798,4617
5661,4618
8455,4619
3034,4620
2989,4621
1971,4622
3935,4623
1677,4624
6990,4625
2780,4626
6320,4627
5614,4628
2740,4629
8957,4630
4037,4631
3957,4632
9423,4633
4005,4634
4155,4635
6425,4636
6465,4637
7528,4638
8661,4639
5746,4640
8531,4641
3547,4642
4122,4643
1986,4644
7884,4645
7493,4646
7820,4647
3958,4648
2728,4649
1536,4650
1517,4651
7103,4652
3052,4653
3893,4654
3414,4655
6842,4656
2883,4657
1164,4658
1953,4659
5709,4660
7523,4661
9205,4662
7401,4663
7673,4664
3387,4665
7356,4666
4959,4667
8772,4668
7371,4669
7068,4670
8469,4671
4550,4672
9204,4673
1249,4674
3979,4675
6563,4676
9298,4677
5644,4678
2508,4679
4141,4680
3570,4681
1043,4682
3804,4683
6776,4684
9891,4685
7086,4686
4693,4687
5712,4688
4410,4689
1501,4690
5082,4691
9373,4692
9270,4693
9536,4694
1665,4695
5925,4696
3716,4697
7169,4698
9732,4699
5269,4700
7647,4701
5106,4702
3450,4703
9153,4704
2445,4705
1140,4706
8075,4707
6970,4708
7806,4709
5418,4710
8735,4711
7369,4712
3541,4713
6925,4714
9856,4715
3919,4716
8573,4717
2275,4718
6853,4719
2298,4720
6724,4721
2605,4722
6368,4723
3798,4724
9347,4725
8861,4726
6636,4727
5706,4728
7503,4729
1171,4730
2288,4731
4224,4732
6590,4733
8154,4734
9343,4735
7123,4736
5908,4737
3977,4738
4616,4739
5111,4740
5316,4741
6988,4742
5334,4743
5392,4744
3461,4745
6443,4746
6405,4747
4607,4748
4173,4749
7872,4750
3446,4751
3590,4752
6923,4753
2504,4754
5391,4755
7784,4756
5519,4757
8856,4758
5340,4759
7017,4760
1252,4761
8596,4762
7000,4763
4539,4764
1073,4765
6611,4766
3781,4767
6371,4768
6865,4769
3572,4770
5923,4771
7879,4772
2907,4773
9589,4774
2204,4775
4020,4776
2193,4777
6640,4778
2111,4779
6230,4780
8809,4781
6442,4782
4342,4783
2671,4784
3198,4785
4460,4786
9461,4787
2995,4788
9488,4789
4225,4790
5992,4791
9844,4792
6645,4793
6772,4794
8202,4795
5213,4796
1908,4797
4555,4798
3047,4799
4638,4800
9783,4801
5470,4802
5748,4803
6677,4804
3305,4805
4962,4806
8487,4807
8810,4808
3209,4809
9480,4810
7236,4811
1897,4812
1179,4813
8199,4814
1152,4815
1838,4816
7413,4817
3696,4818
6381,4819
3233,4820
3035,4821
6177,4822
9902,4823
2933,4824
9143,4825
5872,4826
5174,4827
9582,4828
5681,4829
3746,4830
7312,4831
2675,4832
3061,4833
1087,4834
1281,4835
1271,4836
4898,4837
5038,4838
1896,4839
5824,4840
5735,4841
6816,4842
7191,4843
3815,4844
7634,4845
5419,4846
9870,4847
2278,4848
3612,4849
3851,4850
1570,4851
3260,4852
4998,4853
1033,4854
7629,4855
6417,4856
8847,4857
7077,4858
4806,4859
2647,4860
8537,4861
6469,4862
8166,4863
5861,4864
1581,4865
7116,4866
9339,4867
3679,4868
2768,4869
2936,4870
8418,4871
7657,4872
2567,4873
4907,4874
9893,4875
2870,4876
8046,4877
8376,4878
8305,4879
1155,4880
7438,4881
4296,4882
1040,4883
4531,4884
1997,4885
8236,4886
4590,4887
4577,4888
2658,4889
8958,4890
8854,4891
1057,4892
9621,4893
5372,4894
5684,4895
4889,4896
4257,4897
7823,4898
9812,4899
4101,4900
2176,4901
5317,4902
5085,4903
9152,4904
3774,4905
7894,4906
4738,4907
5254,4908
8116,4909
1842,4910
9494,4911
7650,4912
7599,4913
7773,4914
3054,4915
3179,4916
2560,4917
8816,4918
2060,4919
8992,4920
9884,4921
3211,4922
5400,4923
4425,4924
2218,4925
2220,4926
7178,4927
3504,4928
7981,4929
4248,4930
3403,4931
2951,4932
6388,4933
9355,4934
5138,4935
8594,4936
3430,4937
7381,4938
8050,4939
4745,4940
1058,4941
7363,4942
3472,4943
8200,4944
5650,4945
5017,4946
1126,4947
2876,4948
6705,4949
6819,4950
4464,4951
4677,4952
5108,4953
9955,4954
6452,4955
9664,4956
2589,4957
8258,4958
1799,4959
1962,4960
4867,4961
4189,4962
9817,4963
9129,4964
8723,4965
4866,4966
3009,4967
5998,4968
6847,4969
5368,4970
2588,4971
2313,4972
8675,4973
9915,4974
1880,4975
4852,4976
2676,4977
2937,4978
8963,4979
4697,4980
7741,4981
3904,4982
5297,4983
5411,4984
6915,4985
1702,4986
6655,4987
9710,4988
9108,4989
9059,4990
9039,4991
1800,4992
5507,4993
5070,4994
6209,4995
7918,4996
3319,4997
4472,4998
1258,4999
5115,5000
8010,5001
7347,5002
4609,5003
2541,5004
2079,5005
9682,5006
2753,5007
6687,5008
4736,5009
3271,5010
6495,5011
3622,5012
4190,5013
5522,5014
2254,5015
4133,5016
6871,5017
3499,5018
5338,5019
7906,5020
2019,5021
1846,5022
1420,5023
9262,5024
9641,5025
4913,5026
8244,5027
5140,5028
1059,5029
5239,5030
9324,5031
3477,5032
3523,5033
5855,5034
7112,5035
3599,5036
5796,5037
6718,5038
1941,5039
5674,5040
6668,5041
4363,5042
1712,5043
6120,5044
1814,5045
9974,5046
9219,5047
6514,5048
2350,5049
8897,5050
6266,5051
9318,5052
9670,5053
7054,5054
2531,5055
8558,5056
1221,5057
6742,5058
3829,5059
3469,5060
8805,5061
9584,5062
2968,5063
3628,5064
3690,5065
1610,5066
4984,5067
4937,5068
2197,5069
7478,5070
5092,5071
6658,5072
3671,5073
8358,5074
8975,5075
6366,5076
5656,5077
2286,5078
6959,5079
2470,5080
9564,5081
2283,5082
7422,5083
3331,5084
1483,5085
6401,5086
1121,5087
8878,5088
2758,5089
9876,5090
8092,5091
3719,5092
9625,5093
6486,5094
6259,5095
6279,5096
2231,5097
1786,5098
5736,5099
9293,5100
5144,5101
5745,5102
1337,5103
2600,5104
6765,5105
4440,5106
4822,5107
1890,5108
2869,5109
4552,5110
1210,5111
6078,5112
1320,5113
6181,5114
8488,5115
7938,5116
7124,5117
7759,5118
7212,5119
2536,5120
3273,5121
3168,5122
6861,5123
4498,5124
4322,5125
4182,5126
4104,5127
5510,5128
5437,5129
6806,5130
3139,5131
6061,5132
9948,5133
8474,5134
4204,5135
4161,5136
5794,5137
8449,5138
1080,5139
9965,5140
4602,5141
9425,5142
1349,5143
8931,5144
3223,5145
5328,5146
5052,5147
6657,5148
1512,5149
7317,5150
2105,5151
1636,5152
3684,5153
4345,5154
2293,5155
8229,5156
7264,5157
4164,5158
3939,5159
6283,5160
8785,5161
6115,5162
7606,5163
5209,5164
6166,5165
9636,5166
4763,5167
6422,5168
8565,5169
3295,5170
3176,5171
9802,5172
4007,5173
1655,5174
7578,5175
9058,5176
7700,5177
8439,5178
7415,5179
7307,5180
2214,5181
8008,5182
3776,5183
5371,5184
3524,5185
8786,5186
1906,5187
3228,5188
3456,5189
9365,5190
1742,5191
6512,5192
5737,5193
2411,5194
1270,5195
7394,5196
5949,5197
1407,5198
6372,5199
5552,5200
8058,5201
1197,5202
4069,5203
9289,5204
8503,5205
1425,5206
3953,5207
9843,5208
8746,5209
1721,5210
8213,5211
7979,5212
2206,5213
7636,5214
1616,5215
1915,5216
9982,5217
5044,5218
6384,5219
7727,5220
3378,5221
4753,5222
7947,5223
4077,5224
4663,5225
4488,5226
2235,5227
5465,5228
4281,5229
3057,5230
5666,5231
3567,5232
4096,5233
5651,5234
8079,5235
7902,5236
3819,5237
3945,5238
2473,5239
7042,5240
9708,5241
9446,5242
8436,5243
1302,5244
7833,5245
3897,5246
4660,5247
1830,5248
3631,5249
4294,5250
1354,5251
8406,5252
3488,5253
1141,5254
9537,5255
8917,5256
6746,5257
5889,5258
9533,5259
2659,5260
8109,5261
8283,5262
1267,5263
9235,5264
8210,5265
3814,5266
7620,5267
2769,5268
2240,5269
1445,5270
8413,5271
2393,5272
5630,5273
3546,5274
6909,5275
4827,5276
1975,5277
1237,5278
1529,5279
7293,5280
9051,5281
1069,5282
3338,5283
7262,5284
6608,5285
1716,5286
6103,5287
9917,5288
9928,5289
8184,5290
4114,5291
2315,5292
3356,5293
6240,5294
2839,5295
5310,5296
9500,5297
4081,5298
7644,5299
9186,5300
9792,5301
6111,5302
8753,5303
8910,5304
4618,5305
3342,5306
6665,5307
7880,5308
6799,5309
9667,5310
2603,5311
8265,5312
2535,5313
3201,5314
6051,5315
4925,5316
7932,5317
8587,5318
7660,5319
6521,5320
6360,5321
7617,5322
8682,5323
6743,5324
1859,5325
1713,5326
4668,5327
4205,5328
7333,5329
6048,5330
3845,5331
7663,5332
4657,5333
5578,5334
7475,5335
3144,5336
2887,5337
2309,5338
7687,5339
8103,5340
3793,5341
2419,5342
3268,5343
6676,5344
9661,5345
6280,5346
3620,5347
5831,5348
9797,5349
6277,5350
8393,5351
7896,5352
3105,5353
2864,5354
3130,5355
6532,5356
2282,5357
1758,5358
2336,5359
5957,5360
4783,5361
2534,5362
9615,5363
6973,5364
4879,5365
4343,5366
6574,5367
4975,5368
8334,5369
9520,5370
9908,5371
8833,5372
2155,5373
5179,5374
4844,5375
9944,5376
4800,5377
4446,5378
1048,5379
5075,5380
7797,5381
4365,5382
8894,5383
6698,5384
9836,5385
8920,5386
4559,5387
3769,5388
9534,5389
1637,5390
4570,5391
1188,5392
1314,5393
6143,5394
9640,5395
2244,5396
3569,5397
8489,5398
4791,5399
7928,5400
4780,5401
4875,5402
9825,5403
8188,5404
2515,5405
8261,5406
4727,5407
1910,5408
2777,5409
6643,5410
8738,5411
2057,5412
2269,5413
4496,5414
2140,5415
8362,5416
2403,5417
8315,5418
7597,5419
1474,5420
4832,5421
5271,5422
2762,5423
5504,5424
1297,5425
8911,5426
8528,5427
1833,5428
1668,5429
5733,5430
7960,5431
8347,5432
6362,5433
2846,5434
3070,5435
8322,5436
7991,5437
9642,5438
2502,5439
8588,5440
7152,5441
7568,5442
7787,5443
1631,5444
4135,5445
4995,5446
9259,5447
2833,5448
2058,5449
8416,5450
6427,5451
6363,5452
2772,5453
2134,5454
6976,5455
2884,5456
1850,5457
6359,5458
6072,5459
9149,5460
5506,5461
3580,5462
3050,5463
7131,5464
7855,5465
6144,5466
8081,5467
9570,5468
5540,5469
3650,5470
9238,5471
2102,5472
8851,5473
3574,5474
2931,5475
7445,5476
7682,5477
5547,5478
8401,5479
9401,5480
6127,5481
2233,5482
7616,5483
5168,5484
5455,5485
4088,5486
4584,5487
3293,5488
9496,5489
7708,5490
3051,5491
9449,5492
9987,5493
8250,5494
8080,5495
1505,5496
4194,5497
8791,5498
8874,5499
2764,5500
9524,5501
6319,5502
6558,5503
8044,5504
1433,5505
2383,5506
8794,5507
5494,5508
2294,5509
9024,5510
3077,5511
3314,5512
4264,5513
3017,5514
1609,5515
2994,5516
9406,5517
4207,5518
9686,5519
4631,5520
7518,5521
7718,5522
7182,5523
8381,5524
5907,5525
1478,5526
1081,5527
3093,5528
3182,5529
5479,5530
8756,5531
6567,5532
1858,5533
4187,5534
1709,5535
8554,5536
6813,5537
3467,5538
3237,5539
3310,5540
3535,5541
5243,5542
4413,5543
8882,5544
9013,5545
2516,5546
1454,5547
8640,5548
3396,5549
4392,5550
3008,5551
6454,5552
1913,5553
8984,5554
9913,5555
3728,5556
5513,5557
3095,5558
3894,5559
4691,5560
5576,5561
4658,5562
7237,5563
5729,5564
5385,5565
2731,5566
8004,5567
2330,5568
6235,5569
8284,5570
4723,5571
9683,5572
1524,5573
5602,5574
9736,5575
8695,5576
7489,5577
2358,5578
4632,5579
3508,5580
1234,5581
8119,5582
7108,5583
2662,5584
7626,5585
9421,5586
8391,5587
7399,5588
1961,5589
2065,5590
4102,5591
5063,5592
1964,5593
6339,5594
3002,5595
1192,5596
5659,5597
2433,5598
7683,5599
5284,5600
9273,5601
1347,5602
7215,5603
3428,5604
5531,5605
1753,5606
4009,5607
8274,5608
2091,5609
1530,5610
2370,5611
5159,5612
2085,5613
6764,5614
4144,5615
9379,5616
9898,5617
6884,5618
3090,5619
7625,5620
5058,5621
6661,5622
7563,5623
5184,5624
5826,5625
8692,5626
1083,5627
6461,5628
9082,5629
3940,5630
4377,5631
4016,5632
4186,5633
2245,5634
5170,5635
3170,5636
9490,5637
9159,5638
3516,5639
9368,5640
8113,5641
4422,5642
7735,5643
9993,5644
8639,5645
1621,5646
2667,5647
9192,5648
4091,5649
2187,5650
2656,5651
4384,5652
9525,5653
8509,5654
9777,5655
5711,5656
5305,5657
8478,5658
4588,5659
5663,5660
2529,5661
3731,5662
3448,5663
6791,5664
3215,5665
5906,5666
3422,5667
2976,5668
7331,5669
2110,5670
9620,5671
5032,5672
9100,5673
3376,5674
6208,5675
3042,5676
1416,5677
1248,5678
1552,5679
1104,5680
5446,5681
2711,5682
7304,5683
4024,5684
4378,5685
7469,5686
1903,5687
1295,5688
3427,5689
8190,5690
3749,5691
7451,5692
4427,5693
5724,5694
5607,5695
7417,5696
1882,5697
5362,5698
6859,5699
4241,5700
3283,5701
7934,5702
1777,5703
3652,5704
3266,5705
6254,5706
4258,5707
5603,5708
4502,5709
5420,5710
2826,5711
9151,5712
2052,5713
2831,5714
4142,5715
9353,5716
5006,5717
2689,5718
8891,5719
9587,5720
6538,5721
2391,5722
9685,5723
4105,5724
8668,5725
2131,5726
1695,5727
1485,5728
4082,5729
1129,5730
1632,5731
4484,5732
1667,5733
6659,5734
7492,5735
1130,5736
4825,5737
9241,5738
5820,5739
8870,5740
5386,5741
3166,5742
4010,5743
4600,5744
8332,5745
2159,5746
1131,5747
3750,5748
6955,5749
4028,5750
9180,5751
1437,5752
9380,5753
6598,5754
3571,5755
7943,5756
5112,5757
3982,5758
1303,5759
1461,5760
1585,5761
4623,5762
3951,5763
5691,5764
1600,5765
4544,5766
6582,5767
6982,5768
7845,5769
5150,5770
2069,5771
4673,5772
7729,5773
9283,5774
8595,5775
8599,5776
8159,5777
2363,5778
7433,5779
8884,5780
9066,5781
5181,5782
4168,5783
2456,5784
4402,5785
9999,5786
5782,5787
7146,5788
3956,5789
7618,5790
8575,5791
4350,5792
1032,5793
1660,5794
8320,5795
7408,5796
5132,5797
8768,5798
2472,5799
7359,5800
7183,5801
6449,5802
3635,5803
8314,5804
1125,5805
2339,5806
4334,5807
5835,5808
8015,5809
4645,5810
7243,5811
3383,5812
4568,5813
8030,5814
7525,5815
2028,5816
8341,5817
3087,5818
9257,5819
7382,5820
8602,5821
8280,5822
4506,5823
2203,5824
4666,5825
8867,5826
8859,5827
4409,5828
1282,5829
9692,5830
5262,5831
7685,5832
7364,5833
1222,5834
8780,5835
1594,5836
7550,5837
2061,5838
8949,5839
7742,5840
5728,5841
3552,5842
5758,5843
6484,5844
4740,5845
7064,5846
8915,5847
3522,5848
9773,5849
4934,5850
2150,5851
9131,5852
6107,5853
4700,5854
3617,5855
1139,5856
5966,5857
3511,5858
8685,5859
1218,5860
4972,5861
4943,5862
3980,5863
7662,5864
9697,5865
9492,5866
2361,5867
4939,5868
5871,5869
4442,5870
7248,5871
8480,5872
9984,5873
5031,5874
3658,5875
1843,5876
8303,5877
8609,5878
4532,5879
1883,5880
6346,5881
8896,5882
6630,5883
7393,5884
6539,5885
6037,5886
7377,5887
6754,5888
4477,5889
6379,5890
3676,5891
3595,5892
5883,5893
7181,5894
9358,5895
4466,5896
8179,5897
8860,5898
5776,5899
1608,5900
8311,5901
6453,5902
6753,5903
5374,5904
7777,5905
7995,5906
8073,5907
8278,5908
6697,5909
2451,5910
5608,5911
3006,5912
3439,5913
5828,5914
3307,5915
6508,5916
4930,5917
3809,5918
3301,5919
2517,5920
4730,5921
7443,5922
3264,5923
9311,5924
1265,5925
8375,5926
9167,5927
2513,5928
6270,5929
1261,5930
8792,5931
9451,5932
6012,5933
1955,5934
9648,5935
3637,5936
4781,5937
7002,5938
3501,5939
1892,5940
6325,5941
7090,5942
2459,5943
5234,5944
6869,5945
1343,5946
9468,5947
5716,5948
7733,5949
7231,5950
3392,5951
7386,5952
3023,5953
5754,5954
4391,5955
4215,5956
8100,5957
2736,5958
4680,5959
7937,5960
2654,5961
6599,5962
7850,5963
4735,5964
6635,5965
9392,5966
3146,5967
2143,5968
9519,5969
1520,5970
1369,5971
8021,5972
1190,5973
2314,5974
5501,5975
1648,5976
1519,5977
9256,5978
2400,5979
9290,5980
7246,5981
2641,5982
1422,5983
1931,5984
6603,5985
9263,5986
3167,5987
9635,5988
6863,5989
3859,5990
7790,5991
2295,5992
8443,5993
6918,5994
1605,5995
7294,5996
2154,5997
7765,5998
4523,5999
2987,6000
2893,6001
1186,6002
9495,6003
8813,6004
5484,6005
9485,6006
6559,6007
6924,6008
6828,6009
4503,6010
6536,6011
5217,6012
8762,6013
6556,6014
6318,6015
7094,6016
9327,6017
3659,6018
6340,6019
2182,6020
9622,6021
4386,6022
9530,6023
7185,6024
5258,6025
7973,6026
5679,6027
7204,6028
3627,6029
9781,6030
2025,6031
9652,6032
8922,6033
3229,6034
2071,6035
5039,6036
8025,6037
9858,6038
5898,6039
3415,6040
5469,6041
3372,6042
6480,6043
2454,6044
7646,6045
2486,6046
9341,6047
3772,6048
6028,6049
8996,6050
6623,6051
1109,6052
5731,6053
9737,6054
1623,6055
9175,6056
7056,6057
9786,6058
6152,6059
3101,6060
5933,6061
5339,6062
3528,6063
5051,6064
9504,6065
7388,6066
7818,6067
4019,6068
8247,6069
6058,6070
8869,6071
6930,6072
9395,6073
9077,6074
7287,6075
4222,6076
6183,6077
5472,6078
9551,6079
5008,6080
1976,6081
2668,6082
1250,6083
4489,6084
2569,6085
7774,6086
3161,6087
1576,6088
3787,6089
1244,6090
7869,6091
5250,6092
4722,6093
4881,6094
4339,6095
3162,6096
8019,6097
8700,6098
3046,6099
9178,6100
7431,6101
9247,6102
4534,6103
9614,6104
7111,6105
8064,6106
5791,6107
8798,6108
6662,6109
5616,6110
4729,6111
8924,6112
9467,6113
4415,6114
6087,6115
6065,6116
6094,6117
1848,6118
9297,6119
7128,6120
8561,6121
2320,6122
7127,6123
4117,6124
6466,6125
8597,6126
1498,6127
3141,6128
2660,6129
3823,6130
3534,6131
4526,6132
2078,6133
9098,6134
6055,6135
8638,6136
1459,6137
5629,6138
3762,6139
3286,6140
9823,6141
9805,6142
9676,6143
1093,6144
1326,6145
6165,6146
1392,6147
1525,6148
7036,6149
4893,6150
4444,6151
2618,6152
7453,6153
2526,6154
3111,6155
5299,6156
6268,6157
7552,6158
1383,6159
6533,6160
3948,6161
1442,6162
1508,6163
6667,6164
3386,6165
2930,6166
7450,6167
6722,6168
1561,6169
5697,6170
4917,6171
3643,6172
1202,6173
8173,6174
8504,6175
6943,6176
9035,6177
3102,6178
8197,6179
5695,6180
2164,6181
2991,6182
8591,6183
3670,6184
2097,6185
3115,6186
7211,6187
6053,6188
8954,6189
9055,6190
5452,6191
5054,6192
4974,6193
4337,6194
6822,6195
3033,6196
2627,6197
2096,6198
1233,6199
6771,6200
4048,6201
6790,6202
9690,6203
9326,6204
2533,6205
2074,6206
3457,6207
9117,6208
5997,6209
2212,6210
9104,6211
2485,6212
4030,6213
2165,6214
3063,6215
4318,6216
2617,6217
5888,6218
9248,6219
8240,6220
4985,6221
1867,6222
4956,6223
6900,6224
3651,6225
3083,6226
8052,6227
6295,6228
8183,6229
5944,6230
5252,6231
4785,6232
1380,6233
8027,6234
8952,6235
9052,6236
9796,6237
8043,6238
7801,6239
6811,6240
9418,6241
1100,6242
6355,6243
7502,6244
2817,6245
6535,6246
7045,6247
3140,6248
5072,6249
1873,6250
6583,6251
9905,6252
1656,6253
9403,6254
8697,6255
5205,6256
8437,6257
2599,6258
5002,6259
3604,6260
1923,6261
6612,6262
4494,6263
6201,6264
4969,6265
6146,6266
3607,6267
1283,6268
3739,6269
2744,6270
8419,6271
5165,6272
4468,6273
5580,6274
9513,6275
5570,6276
9978,6277
9996,6278
9617,6279
7875,6280
3194,6281
8812,6282
1374,6283
2579,6284
7849,6285
8382,6286
3395,6287
6252,6288
3094,6289
1358,6290
2525,6291
1625,6292
7336,6293
4876,6294
3299,6295
2841,6296
9200,6297
1289,6298
1805,6299
6875,6300
5336,6301
5116,6302
8961,6303
4713,6304
9278,6305
4486,6306
1409,6307
8650,6308
9430,6309
4408,6310
2851,6311
5841,6312
8576,6313
6124,6314
1717,6315
4172,6316
4517,6317
6307,6318
2495,6319
3717,6320
1429,6321
2482,6322
3481,6323
1105,6324
7959,6325
7389,6326
2616,6327
3471,6328
8747,6329
2813,6330
6242,6331
4393,6332
8722,6333
9896,6334
2928,6335
2712,6336
5041,6337
1462,6338
2679,6339
4163,6340
2003,6341
8438,6342
3666,6343
3404,6344
8840,6345
6941,6346
5218,6347
8977,6348
6463,6349
1484,6350
5752,6351
3928,6352
3687,6353
1582,6354
7609,6355
9887,6356
8161,6357
2843,6358
1755,6359
2996,6360
3519,6361
1837,6362
3153,6363
7898,6364
2423,6365
5164,6366
4605,6367
3203,6368
2369,6369
5291,6370
3866,6371
1293,6372
5808,6373
8245,6374
8118,6375
1180,6376
2455,6377
6084,6378
6291,6379
2944,6380
9413,6381
2347,6382
1236,6383
7976,6384
2179,6385
9590,6386
7260,6387
9437,6388
9032,6389
1992,6390
5534,6391
7877,6392
9252,6393
3963,6394
3529,6395
3086,6396
2743,6397
7927,6398
8966,6399
8464,6400
1947,6401
5516,6402
1120,6403
3327,6404
7089,6405
6380,6406
3397,6407
1921,6408
6734,6409
7971,6410
7986,6411
5832,6412
8797,6413
8383,6414
9450,6415
6729,6416
2364,6417
2566,6418
4480,6419
9514,6420
7135,6421
3020,6422
7612,6423
4560,6424
4401,6425
7565,6426
8740,6427
9980,6428
5829,6429
3445,6430
3520,6431
7887,6432
6983,6433
7328,6434
7480,6435
1579,6436
5971,6437
7171,6438
4421,6439
4603,6440
6129,6441
5162,6442
6553,6443
8335,6444
5696,6445
8076,6446
5669,6447
7268,6448
7198,6449
7342,6450
4490,6451
5426,6452
6779,6453
2710,6454
5821,6455
7019,6456
9607,6457
9597,6458
2974,6459
5157,6460
8024,6461
4527,6462
1200,6463
6624,6464
3983,6465
3322,6466
1726,6467
1041,6468
2013,6469
6447,6470
7011,6471
9364,6472
1476,6473
1239,6474
8093,6475
8417,6476
5884,6477
1469,6478
2480,6479
1607,6480
1719,6481
5033,6482
1112,6483
3149,6484
3347,6485
5093,6486
7449,6487
1988,6488
3245,6489
6236,6490
9288,6491
8408,6492
7716,6493
6906,6494
4557,6495
1820,6496
4597,6497
8180,6498
1449,6499
5236,6500
9665,6501
1024,6502
8357,6503
2719,6504
9535,6505
3558,6506
9372,6507
6413,6508
1835,6509
5753,6510
8318,6511
6429,6512
2157,6513
5756,6514
7273,6515
3680,6516
2545,6517
1714,6518
2620,6519
5490,6520
8337,6521
1809,6522
5464,6523
5564,6524
2917,6525
6673,6526
3421,6527
1534,6528
7724,6529
2380,6530
4051,6531
2997,6532
6926,6533
3646,6534
8580,6535
9507,6536
3400,6537
4340,6538
7073,6539
8219,6540
1003,6541
9922,6542
9226,6543
9433,6544
3736,6545
7392,6546
1751,6547
6642,6548
5423,6549
5633,6550
6067,6551
6269,6552
5242,6553
5935,6554
3463,6555
6097,6556
6345,6557
9624,6558
1965,6559
7208,6560
8009,6561
3921,6562
6060,6563
6188,6564
3462,6565
2998,6566
9794,6567
5024,6568
8420,6569
8091,6570
5799,6571
7757,6572
5402,6573
9968,6574
1182,6575
4899,6576
1260,6577
3235,6578
5994,6579
9139,6580
2704,6581
2518,6582
6798,6583
2714,6584
3275,6585
2788,6586
6066,6587
7832,6588
9382,6589
1624,6590
3873,6591
7201,6592
5583,6593
8224,6594
4944,6595
1173,6596
2365,6597
7559,6598
6684,6599
7520,6600
6010,6601
5431,6602
5228,6603
9163,6604
8259,6605
9962,6606
1071,6607
2322,6608
5453,6609
5068,6610
6692,6611
9506,6612
1253,6613
5819,6614
2889,6615
5329,6616
4459,6617
3184,6618
1729,6619
5084,6620
6126,6621
5680,6622
8658,6623
6027,6624
3568,6625
4166,6626
2310,6627
2527,6628
1518,6629
9977,6630
4888,6631
1351,6632
2696,6633
4151,6634
8974,6635
5377,6636
4279,6637
8868,6638
8930,6639
9930,6640
4259,6641
3024,6642
1085,6643
7985,6644
4210,6645
8733,6646
3220,6647
1275,6648
9813,6649
4175,6650
2553,6651
9399,6652
7380,6653
7366,6654
7479,6655
6476,6656
3694,6657
7696,6658
2415,6659
6082,6660
8060,6661
2956,6662
6763,6663
1727,6664
5845,6665
3099,6666
2574,6667
4269,6668
8461,6669
7558,6670
8615,6671
1543,6672
6888,6673
8192,6674
1722,6675
6561,6676
4452,6677
5792,6678
5741,6679
8221,6680
4429,6681
6980,6682
5802,6683
5956,6684
5056,6685
4481,6686
9934,6687
7736,6688
1754,6689
5787,6690
4682,6691
9883,6692
3656,6693
6011,6694
5545,6695
1871,6696
4951,6697
6026,6698
5987,6699
1866,6700
3553,6701
6098,6702
5627,6703
8571,6704
3122,6705
5718,6706
5863,6707
1242,6708
6503,6709
5120,6710
2963,6711
7619,6712
9431,6713
7905,6714
4709,6715
7531,6716
1715,6717
7230,6718
9479,6719
2053,6720
6393,6721
8641,6722
5678,6723
8582,6724
1503,6725
3156,6726
2511,6727
9679,6728
5466,6729
4246,6730
4904,6731
4973,6732
3537,6733
6023,6734
7678,6735
7263,6736
2924,6737
3498,6738
2756,6739
1436,6740
6206,6741
8158,6742
1778,6743
2249,6744
1730,6745
8826,6746
5247,6747
3830,6748
4940,6749
9822,6750
5859,6751
8150,6752
4721,6753
4079,6754
4675,6755
4694,6756
4739,6757
3707,6758
3880,6759
2281,6760
4360,6761
1698,6762
2766,6763
1567,6764
1160,6765
4449,6766
9416,6767
4457,6768
7384,6769
7330,6770
8275,6771
6460,6772
8584,6773
6025,6774
3238,6775
4147,6776
8329,6777
8627,6778
2345,6779
6179,6780
8368,6781
5846,6782
4651,6783
5964,6784
1617,6785
7583,6786
6304,6787
3300,6788
2866,6789
7368,6790
9265,6791
3423,6792
9799,6793
4823,6794
7444,6795
6607,6796
7255,6797
3464,6798
2323,6799
6854,6800
6313,6801
6262,6802
9547,6803
6597,6804
9132,6805
9408,6806
5738,6807
8036,6808
9947,6809
9580,6810
4535,6811
3108,6812
5892,6813
8648,6814
3285,6815
5298,6816
8321,6817
9154,6818
3374,6819
3031,6820
7114,6821
2130,6822
2775,6823
2815,6824
9122,6825
7334,6826
6504,6827
5690,6828
5151,6829
7805,6830
7025,6831
3200,6832
6392,6833
1245,6834
6052,6835
1974,6836
9852,6837
8068,6838
8876,6839
3780,6840
6709,6841
2543,6842
9475,6843
3113,6844
5166,6845
4450,6846
6006,6847
3741,6848
9065,6849
3334,6850
9528,6851
4160,6852
1749,6853
3072,6854
9629,6855
2578,6856
7446,6857
4309,6858
3160,6859
2584,6860
7190,6861
5312,6862
7794,6863
7632,6864
1537,6865
4777,6866
7372,6867
6500,6868
7015,6869
9923,6870
9176,6871
5643,6872
6175,6873
6739,6874
5249,6875
8349,6876
8799,6877
3118,6878
7751,6879
3197,6880
5367,6881
1711,6882
2532,6883
4569,6884
3858,6885
5865,6886
7158,6887
3026,6888
3765,6889
1693,6890
8820,6891
7661,6892
8808,6893
9000,6894
8577,6895
5788,6896
9110,6897
9571,6898
9054,6899
6317,6900
1629,6901
1589,6902
2404,6903
5789,6904
8110,6905
3773,6906
9795,6907
1178,6908
8764,6909
9764,6910
5714,6911
9335,6912
5784,6913
9170,6914
9833,6915
9201,6916
6054,6917
1863,6918
2381,6919
1725,6920
5605,6921
1707,6922
1390,6923
1599,6924
5404,6925
1286,6926
1743,6927
7387,6928
3349,6929
5524,6930
3844,6931
8727,6932
4285,6933
9411,6934
1007,6935
8905,6936
2510,6937
1005,6938
8944,6939
3744,6940
8728,6941
5972,6942
6762,6943
1298,6944
6263,6945
3852,6946
8918,6947
3230,6948
3683,6949
9960,6950
5182,6951
2004,6952
4803,6953
2716,6954
9952,6955
8070,6956
7390,6957
5276,6958
2031,6959
9097,6960
9277,6961
6787,6962
7226,6963
6760,6964
5673,6965
1907,6966
8646,6967
9754,6968
3821,6969
7362,6970
3053,6971
7666,6972
5814,6973
4748,6974
6329,6975
4106,6976
1924,6977
3789,6978
2219,6979
7281,6980
6735,6981
6383,6982
9765,6983
9808,6984
8921,6985
3405,6986
6095,6987
2161,6988
5647,6989
3775,6990
2852,6991
2926,6992
6531,6993
6246,6994
6935,6995
3989,6996
8719,6997
4706,6998
5433,6999
9267,7000
5128,7001
6324,7002
6467,7003
1162,7004
2910,7005
9374,7006
4058,7007
3995,7008
8146,7009
7352,7010
9105,7011
6868,7012
7792,7013
4941,7014
9851,7015
2251,7016
4341,7017
8934,7018
7207,7019
9414,7020
9713,7021
8470,7022
3416,7023
4846,7024
4931,7025
6197,7026
1444,7027
8544,7028
9274,7029
5119,7030
5803,7031
2373,7032
1417,7033
2892,7034
9319,7035
4566,7036
2006,7037
7474,7038
9720,7039
2911,7040
6272,7041
3931,7042
7825,7043
1046,7044
2374,7045
7722,7046
2468,7047
4430,7048
3280,7049
9613,7050
9348,7051
6891,7052
3862,7053
3131,7054
7994,7055
2773,7056
1465,7057
4581,7058
3437,7059
3388,7060
7065,7061
1673,7062
9907,7063
7851,7064
3509,7065
2200,7066
7283,7067
1047,7068
5013,7069
8355,7070
1644,7071
8659,7072
3949,7073
9102,7074
6169,7075
5838,7076
6020,7077
4389,7078
2561,7079
2292,7080
3345,7081
7061,7082
7812,7083
4448,7084
2882,7085
1759,7086
3785,7087
7084,7088
3674,7089
5574,7090
7540,7091
5877,7092
5911,7093
4855,7094
4835,7095
2296,7096
4993,7097
3910,7098
3754,7099
6672,7100
6106,7101
2747,7102
1703,7103
1942,7104
7227,7105
9828,7106
3244,7107
4362,7108
4492,7109
1776,7110
6804,7111
6296,7112
7608,7113
4737,7114
5686,7115
7786,7116
9320,7117
9101,7118
9044,7119
1487,7120
6996,7121
5264,7122
1466,7123
2338,7124
6908,7125
2376,7126
4868,7127
3239,7128
3085,7129
8850,7130
8662,7131
3069,7132
5073,7133
9919,7134
4553,7135
4749,7136
3752,7137
9194,7138
9839,7139
9156,7140
1311,7141
1557,7142
2217,7143
3806,7144
6374,7145
1431,7146
1412,7147
4563,7148
5323,7149
1670,7150
2692,7151
8887,7152
8106,7153
9333,7154
4567,7155
1898,7156
2829,7157
9647,7158
2446,7159
7150,7160
2022,7161
1457,7162
4758,7163
9398,7164
8133,7165
1661,7166
9133,7167
2624,7168
5343,7169
4765,7170
6184,7171
3887,7172
1654,7173
1284,7174
1680,7175
5090,7176
9168,7177
2407,7178
3761,7179
2280,7180
1841,7181
9659,7182
2634,7183
6426,7184
4181,7185
1010,7186
5986,7187
9599,7188
5822,7189
7942,7190
5809,7191
9342,7192
1801,7193
9881,7194
7712,7195
3585,7196
7953,7197
7893,7198
4971,7199
6085,7200
2708,7201
5766,7202
7286,7203
9810,7204
6632,7205
4357,7206
4902,7207
5055,7208
5387,7209
9749,7210
1013,7211
2847,7212
9126,7213
8369,7214
6172,7215
3920,7216
2787,7217
1998,7218
2475,7219
2938,7220
5698,7221
2899,7222
4574,7223
4199,7224
8520,7225
9231,7226
1177,7227
2329,7228
9316,7229
6253,7230
3999,7231
8444,7232
4516,7233
2301,7234
9321,7235
4795,7236
5319,7237
4385,7238
2651,7239
6948,7240
1220,7241
1257,7242
6502,7243
3974,7244
9655,7245
7925,7246
4302,7247
3855,7248
7754,7249
7594,7250
5953,7251
6936,7252
5961,7253
6733,7254
9511,7255
5685,7256
9988,7257
6226,7258
6681,7259
2776,7260
9465,7261
4538,7262
7627,7263
6004,7264
6017,7265
6870,7266
8294,7267
4836,7268
7628,7269
2184,7270
3510,7271
7524,7272
1266,7273
7174,7274
1497,7275
8796,7276
8500,7277
6074,7278
1872,7279
8773,7280
5224,7281
9604,7282
5938,7283
6727,7284
3513,7285
9791,7286
7635,7287
3564,7288
5655,7289
8165,7290
7858,7291
6081,7292
9295,7293
1082,7294
9818,7295
1783,7296
1977,7297
6224,7298
7412,7299
4665,7300
3639,7301
6216,7302
8037,7303
2544,7304
9995,7305
1622,7306
4108,7307
6477,7308
7807,7309
8232,7310
2556,7311
6468,7312
8074,7313
8072,7314
1700,7315
7854,7316
3357,7317
1687,7318
9312,7319
1603,7320
1509,7321
2577,7322
6850,7323
2688,7324
2001,7325
6289,7326
9121,7327
7689,7328
2438,7329
7950,7330
4216,7331
3879,7332
2965,7333
6748,7334
1330,7335
3272,7336
7917,7337
8553,7338
9712,7339
2084,7340
6337,7341
2108,7342
7052,7343
8097,7344
5197,7345
7047,7346
2701,7347
2144,7348
7865,7349
9331,7350
5127,7351
8285,7352
5591,7353
8919,7354
2239,7355
3630,7356
6470,7357
5945,7358
7915,7359
8481,7360
1958,7361
3839,7362
4233,7363
8394,7364
1925,7365
1839,7366
4074,7367
8260,7368
8603,7369
9271,7370
2955,7371
1889,7372
1055,7373
3784,7374
6015,7375
3738,7376
5022,7377
9198,7378
3375,7379
5757,7380
8204,7381
9925,7382
7289,7383
4989,7384
8400,7385
6992,7386
7250,7387
9771,7388
5947,7389
5851,7390
1037,7391
8140,7392
7032,7393
9322,7394
3924,7395
8899,7396
2881,7397
6387,7398
1697,7399
5571,7400
2483,7401
8208,7402
8598,7403
8534,7404
7766,7405
9744,7406
2444,7407
6086,7408
8547,7409
1251,7410
3883,7411
5473,7412
8054,7413
3454,7414
8608,7415
6190,7416
3221,7417
1596,7418
7584,7419
3096,7420
4399,7421
5723,7422
2465,7423
5381,7424
3742,7425
5345,7426
5080,7427
7723,7428
6552,7429
3411,7430
3588,7431
9185,7432
9435,7433
5406,7434
9228,7435
7472,7436
6228,7437
4805,7438
5408,7439
2080,7440
9755,7441
9225,7442
6234,7443
6367,7444
4731,7445
7526,7446
7562,7447
8790,7448
7890,7449
9047,7450
2422,7451
5405,7452
8904,7453
3984,7454
2500,7455
4576,7456
8694,7457
6000,7458
5628,7459
3718,7460
2325,7461
9191,7462
2051,7463
8380,7464
4530,7465
7695,7466
2032,7467
3611,7468
3779,7469
9911,7470
9964,7471
8751,7472
8848,7473
2828,7474
8628,7475
6737,7476
2746,7477
8552,7478
6932,7479
4728,7480
1826,7481
1533,7482
2919,7483
7418,7484
7378,7485
4525,7486
8698,7487
2341,7488
1790,7489
9649,7490
9254,7491
6751,7492
5927,7493
2048,7494
9778,7495
1495,7496
4712,7497
1268,7498
3420,7499
4946,7500
7785,7501
9260,7502
9549,7503
2426,7504
2258,7505
2612,7506
2537,7507
3332,7508
9860,7509
9924,7510
1932,7511
5244,7512
9657,7513
1066,7514
8624,7515
4575,7516
6308,7517
4034,7518
4271,7519
8941,7520
7912,7521
1145,7522
8845,7523
2665,7524
9903,7525
5977,7526
8206,7527
5201,7528
1287,7529
3768,7530
4882,7531
5172,7532
8829,7533
5226,7534
5548,7535
3360,7536
7272,7537
6251,7538
7897,7539
8290,7540
9330,7541
9941,7542
5867,7543
3225,7544
6163,7545
4633,7546
5955,7547
2015,7548
8020,7549
6964,7550
4793,7551
9007,7552
4615,7553
1507,7554
5196,7555
4059,7556
5480,7557
1911,7558
3487,7559
8507,7560
4428,7561
8804,7562
3371,7563
2993,7564
3633,7565
2228,7566
6818,7567
6136,7568
7816,7569
1423,7570
1352,7571
6805,7572
1206,7573
7421,7574
3745,7575
6314,7576
8185,7577
1123,7578
8462,7579
3246,7580
8879,7581
6385,7582
6907,7583
2023,7584
3854,7585
4388,7586
4997,7587
3058,7588
5975,7589
9859,7590
1849,7591
7499,7592
8191,7593
7589,7594
8491,7595
8144,7596
9370,7597
5403,7598
1982,7599
3234,7600
1166,7601
8189,7602
6660,7603
2139,7604
1299,7605
8928,7606
3543,7607
4062,7608
4873,7609
8266,7610
2490,7611
1394,7612
7305,7613
9532,7614
6625,7615
8087,7616
6473,7617
6840,7618
3835,7619
4756,7620
6860,7621
9662,7622
4542,7623
9255,7624
3326,7625
3878,7626
7862,7627
3218,7628
4326,7629
2009,7630
7738,7631
4355,7632
7133,7633
7458,7634
4226,7635
7136,7636
8424,7637
2026,7638
8560,7639
9610,7640
2548,7641
8824,7642
1894,7643
3834,7644
4036,7645
8818,7646
2263,7647
6830,7648
8138,7649
8898,7650
6702,7651
8555,7652
3916,7653
5331,7654
4176,7655
6104,7656
9462,7657
1844,7658
3402,7659
4330,7660
3918,7661
9002,7662
1321,7663
2727,7664
4316,7665
2767,7666
3575,7667
9634,7668
1216,7669
6562,7670
8345,7671
9518,7672
6180,7673
3410,7674
9583,7675
3306,7676
5795,7677
9213,7678
4371,7679
6641,7680
3308,7681
2146,7682
5241,7683
3029,7684
3187,7685
1972,7686
6517,7687
1558,7688
6506,7689
3291,7690
1550,7691
6430,7692
7867,7693
4561,7694
6347,7695
5569,7696
9004,7697
3453,7698
6989,7699
6125,7700
8243,7701
1101,7702
8621,7703
8157,7704
7941,7705
8404,7706
6991,7707
6542,7708
6719,7709
8163,7710
6386,7711
5349,7712
2045,7713
6297,7714
6474,7715
3210,7716
5048,7717
4886,7718
2862,7719
8388,7720
5909,7721
6338,7722
7370,7723
3212,7724
8429,7725
2609,7726
2321,7727
4801,7728
7238,7729
7067,7730
7440,7731
7519,7732
2109,7733
9798,7734
2491,7735
8194,7736
9237,7737
7044,7738
6581,7739
5768,7740
9472,7741
8923,7742
8216,7743
4237,7744
2706,7745
1928,7746
4443,7747
4643,7748
4810,7749
1238,7750
3905,7751
2312,7752
7734,7753
7010,7754
3686,7755
2211,7756
3621,7757
7404,7758
2277,7759
8514,7760
8366,7761
6080,7762
3657,7763
7605,7764
8766,7765
2428,7766
6975,7767
2199,7768
7753,7769
9939,7770
1762,7771
4335,7772
9819,7773
9377,7774
9826,7775
5916,7776
8731,7777
7040,7778
1316,7779
5595,7780
6802,7781
4364,7782
8031,7783
2927,7784
5447,7785
3355,7786
1132,7787
9591,7788
8291,7789
1836,7790
4066,7791
9146,7792
8012,7793
1480,7794
8217,7795
2352,7796
1113,7797
4582,7798
1563,7799
9565,7800
3474,7801
6490,7802
1571,7803
2050,7804
9706,7805
5210,7806
7314,7807
7430,7808
8479,7809
8777,7810
9329,7811
2690,7812
8228,7813
4321,7814
8518,7815
4838,7816
5232,7817
4911,7818
1274,7819
8664,7820
2101,7821
9034,7822
4980,7823
6404,7824
6795,7825
8351,7826
5560,7827
3224,7828
1987,7829
9979,7830
9878,7831
3154,7832
1704,7833
5255,7834
5000,7835
6954,7836
8622,7837
6540,7838
6300,7839
7327,7840
9885,7841
7494,7842
6014,7843
9966,7844
2849,7845
4191,7846
1927,7847
4381,7848
3480,7849
7615,7850
5380,7851
5634,7852
7323,7853
3380,7854
4324,7855
4968,7856
9189,7857
2568,7858
9441,7859
5477,7860
7782,7861
2406,7862
8403,7863
9510,7864
7074,7865
2098,7866
6343,7867
1227,7868
4291,7869
3648,7870
1611,7871
4312,7872
6686,7873
4064,7874
8618,7875
6807,7876
7532,7877
5692,7878
6832,7879
2479,7880
1042,7881
9217,7882
4033,7883
1099,7884
5462,7885
8779,7886
6155,7887
9608,7888
3060,7889
4043,7890
7228,7891
4809,7892
2435,7893
2116,7894
3565,7895
4766,7896
9921,7897
5638,7898
9774,7899
7648,7900
7822,7901
7671,7902
1994,7903
3846,7904
1451,7905
6956,7906
5270,7907
3965,7908
1228,7909
6864,7910
9062,7911
3309,7912
1691,7913
4277,7914
7596,7915
6701,7916
2814,7917
9397,7918
4614,7919
3027,7920
4359,7921
4476,7922
9195,7923
7690,7924
1504,7925
1430,7926
6631,7927
5390,7928
2505,7929
6834,7930
1663,7931
2290,7932
6524,7933
4707,7934
5293,7935
5285,7936
5035,7937
3204,7938
3191,7939
2680,7940
7501,7941
5834,7942
3321,7943
7949,7944
7613,7945
7258,7946
7726,7947
3521,7948
7432,7949
4653,7950
6168,7951
7057,7952
3791,7953
5981,7954
3121,7955
7965,7956
2821,7957
7259,7958
2457,7959
7672,7960
1968,7961
9125,7962
5858,7963
4667,7964
7420,7965
7220,7966
5001,7967
2639,7968
9867,7969
7385,7970
6408,7971
1208,7972
6464,7973
9463,7974
6756,7975
1288,7976
4910,7977
7406,7978
2008,7979
2356,7980
3436,7981
8356,7982
9061,7983
7579,7984
9838,7985
6122,7986
9227,7987
4776,7988
7500,7989
5449,7990
7844,7991
4817,7992
4284,7993
6075,7994
7610,7995
7165,7996
8270,7997
3641,7998
1116,7999
1774,8000
7826,8001
9512,8002
8378,8003
3243,8004
5965,8005
7151,8006
6333,8007
9412,8008
5705,8009
8251,8010
2120,8011
5521,8012
3842,8013
7497,8014
5475,8015
7564,8016
7235,8017
9970,8018
4407,8019
3107,8020
2581,8021
8049,8022
6212,8023
1031,8024
5621,8025
7886,8026
1634,8027
7861,8028
7510,8029
4376,8030
6022,8031
2476,8032
6410,8033
8108,8034
7240,8035
7701,8036
3409,8037
9229,8038
2803,8039
8215,8040
2853,8041
3401,8042
7876,8043
1551,8044
5019,8045
8999,8046
8614,8047
1395,8048
4245,8049
5275,8050
3853,8051
9650,8052
2538,8053
5086,8054
9842,8055
9264,8056
3885,8057
2443,8058
5366,8059
3597,8060
5523,8061
3689,8062
8475,8063
6555,8064
8508,8065
9933,8066
1482,8067
3216,8068
5357,8069
5530,8070
7914,8071
2645,8072
3104,8073
2867,8074
5798,8075
1816,8076
1097,8077
1803,8078
8655,8079
4057,8080
7990,8081
1063,8082
6076,8083
5762,8084
3127,8085
8361,8086
1102,8087
2750,8088
7999,8089
4992,8090
2055,8091
6794,8092
9473,8093
9554,8094
9811,8095
1356,8096
6403,8097
7688,8098
3911,8099
6910,8100
7659,8101
3740,8102
6689,8103
6239,8104
6740,8105
3778,8106
1034,8107
6577,8108
1767,8109
6358,8110
2344,8111
2789,8112
4140,8113
9396,8114
9056,8115
5773,8116
9487,8117
3132,8118
1201,8119
4629,8120
1400,8121
9945,8122
9142,8123
8536,8124
3700,8125
7814,8126
2077,8127
6846,8128
9216,8129
4275,8130
2827,8131
2909,8132
5230,8133
9025,8134
2678,8135
2213,8136
6579,8137
9702,8138
8730,8139
5551,8140
7156,8141
9400,8142
6178,8143
3125,8144
1067,8145
1325,8146
2854,8147
1937,8148
5233,8149
8704,8150
3363,8151
1414,8152
2390,8153
1926,8154
4094,8155
8570,8156
3647,8157
7588,8158
1577,8159
4505,8160
5097,8161
2319,8162
8761,8163
6158,8164
2822,8165
3625,8166
7459,8167
8900,8168
6287,8169
6421,8170
8912,8171
1930,8172
2073,8173
9313,8174
8970,8175
2152,8176
3466,8177
3663,8178
6488,8179
4646,8180
1276,8181
3030,8182
7426,8183
9148,8184
6303,8185
8395,8186
1893,8187
3328,8188
2721,8189
9307,8190
4035,8191
4482,8192
9028,8193
2760,8194
9721,8195
7486,8196
1229,8197
1421,8198
2860,8199
2246,8200
4184,8201
1403,8202
8298,8203
7951,8204
4193,8205
3970,8206
9821,8207
5358,8208
5701,8209
1710,8210
1398,8211
7098,8212
4000,8213
3458,8214
9386,8215
9748,8216
4021,8217
8493,8218
6293,8219
7251,8220
4050,8221
3324,8222
3452,8223
3195,8224
2650,8225
5004,8226
3636,8227
5959,8228
1305,8229
2452,8230
2878,8231
1895,8232
6472,8233
9092,8234
2462,8235
3157,8236
2128,8237
9162,8238
4894,8239
3367,8240
5282,8241
5094,8242
1811,8243
8978,8244
8078,8245
8212,8246
1439,8247
6062,8248
7767,8249
5625,8250
9043,8251
9323,8252
1796,8253
2318,8254
9127,8255
3601,8256
4491,8257
5393,8258
7508,8259
1899,8260
9969,8261
4382,8262
5014,8263
7299,8264
6942,8265
3447,8266
3802,8267
5280,8268
6993,8269
4613,8270
4896,8271
2441,8272
7547,8273
3748,8274
8927,8275
4824,8276
3644,8277
8178,8278
6721,8279
4332,8280
6375,8281
4754,8282
6382,8283
8445,8284
8522,8285
8844,8286
6471,8287
3242,8288
7425,8289
3330,8290
4254,8291
9306,8292
4387,8293
1929,8294
6249,8295
8707,8296
1213,8297
1620,8298
1189,8299
4936,8300
7234,8301
1435,8302
4445,8303
3872,8304
3961,8305
8715,8306
3602,8307
4015,8308
8346,8309
5765,8310
1273,8311
7324,8312
4508,8313
4304,8314
3959,8315
9961,8316
6857,8317
2046,8318
5454,8319
9432,8320
5932,8321
3624,8322
9489,8323
2793,8324
6879,8325
9114,8326
1259,8327
5801,8328
8972,8329
1748,8330
7923,8331
8472,8332
6485,8333
1766,8334
8720,8335
6957,8336
5010,8337
6378,8338
1224,8339
9124,8340
5220,8341
8271,8342
4564,8343
8142,8344
3805,8345
8085,8346
8452,8347
8672,8348
9202,8349
5272,8350
5059,8351
2327,8352
8839,8353
6233,8354
5474,8355
6302,8356
8512,8357
1593,8358
9371,8359
3398,8360
2460,8361
1900,8362
3587,8363
8776,8364
1500,8365
2389,8366
7216,8367
1813,8368
8568,8369
9440,8370
4778,8371
1692,8372
1771,8373
6817,8374
8849,8375
3482,8376
1584,8377
5253,8378
8288,8379
4195,8380
4109,8381
2449,8382
7633,8383
5928,8384
1045,8385
2521,8386
2699,8387
7506,8388
3556,8389
5237,8390
4957,8391
5145,8392
9038,8393
3997,8394
5850,8395
4656,8396
9740,8397
4626,8398
9291,8399
5761,8400
5081,8401
2763,8402
6898,8403
8828,8404
6913,8405
7309,8406
4840,8407
1119,8408
9221,8409
9516,8410
3336,8411
6205,8412
1592,8413
3691,8414
9594,8415
3429,8416
6064,8417
2151,8418
8908,8419
3048,8420
6038,8421
2121,8422
7456,8423
9663,8424
1724,8425
4138,8426
8124,8427
7454,8428
7462,8429
5342,8430
6273,8431
8352,8432
9743,8433
5401,8434
2189,8435
9742,8436
6833,8437
7907,8438
4558,8439
9869,8440
5780,8441
7881,8442
6407,8443
9509,8444
4075,8445
8304,8446
2834,8447
6614,8448
5921,8449
6281,8450
7285,8451
3591,8452
4858,8453
3112,8454
7308,8455
5781,8456
9352,8457
7335,8458
5457,8459
7882,8460
1291,8461
9389,8462
9654,8463
7016,8464
7142,8465
3555,8466
5365,8467
6248,8468
5790,8469
4760,8470
8090,8471
4548,8472
5941,8473
1428,8474
3164,8475
1884,8476
3431,8477
8316,8478
9109,8479
4820,8480
9815,8481
6775,8482
8619,8483
5265,8484
7527,8485
1021,8486
4201,8487
3729,8488
9759,8489
6637,8490
5967,8491
2010,8492
9436,8493
5744,8494
5016,8495
2702,8496
9036,8497
3790,8498
9118,8499
3682,8500
8945,8501
9456,8502
1172,8503
9474,8504
5428,8505
3348,8506
3755,8507
9452,8508
7316,8509
7556,8510
3582,8511
6093,8512
3341,8513
2017,8514
4041,8515
3007,8516
6780,8517
3725,8518
7957,8519
5199,8520
5636,8521
7267,8522
1153,8523
3993,8524
2377,8525
8679,8526
9158,8527
5800,8528
4461,8529
3407,8530
9568,8531
8323,8532
2572,8533
5879,8534
5489,8535
1381,8536
2020,8537
9420,8538
5318,8539
1688,8540
4536,8541
5913,8542
6213,8543
7529,8544
9730,8545
7035,8546
2257,8547
2735,8548
8521,8549
5639,8550
2722,8551
8147,8552
2163,8553
7859,8554
6033,8555
1832,8556
4627,8557
4573,8558
8635,8559
9011,8560
9725,8561
3089,8562
2562,8563
8207,8564
9459,8565
1791,8566
3747,8567
2434,8568
5117,8569
3044,8570
4206,8571
5083,8572
5936,8573
6284,8574
1440,8575
1586,8576
7026,8577
1296,8578
3451,8579
9369,8580
7063,8581
6218,8582
6507,8583
4769,8584
6894,8585
5940,8586
3119,8587
4891,8588
7437,8589
5064,8590
7791,8591
4146,8592
1127,8593
2859,8594
1389,8595
4593,8596
7441,8597
8126,8598
5891,8599
5635,8600
2992,8601
2693,8602
1765,8603
5315,8604
6446,8605
8506,8606
1068,8607
8526,8608
2723,8609
9442,8610
9215,8611
4179,8612
8964,8613
5770,8614
6755,8615
3129,8616
1223,8617
4688,8618
9366,8619
4787,8620
1212,8621
5493,8622
2047,8623
2190,8624
6428,8625
4361,8626
9803,8627
6912,8628
5290,8629
8742,8630
8654,8631
3532,8632
8398,8633
7900,8634
5302,8635
1628,8636
7577,8637
6876,8638
4521,8639
4520,8640
4920,8641
5960,8642
5292,8643
5852,8644
5378,8645
4987,8646
3813,8647
6808,8648
4916,8649
9375,8650
9250,8651
2575,8652
9503,8653
3551,8654
2112,8655
8774,8656
8784,8657
9606,8658
6664,8659
8837,8660
1342,8661
1935,8662
3730,8663
9981,8664
9989,8665
8895,8666
9684,8667
6448,8668
7280,8669
9417,8670
9609,8671
5550,8672
6710,8673
2191,8674
6880,8675
9631,8676
1012,8677
1049,8678
2238,8679
7256,8680
4115,8681
9674,8682
2398,8683
9832,8684
3497,8685
3863,8686
7710,8687
6656,8688
4510,8689
5177,8690
8680,8691
7099,8692
7144,8693
6588,8694
5043,8695
6769,8696
9752,8697
1199,8698
8983,8699
5333,8700
4047,8701
6523,8702
7245,8703
8463,8704
3256,8705
3950,8706
5283,8707
2752,8708
3860,8709
7810,8710
6778,8711
2311,8712
3241,8713
4310,8714
8689,8715
8086,8716
7836,8717
5370,8718
2795,8719
3828,8720
1413,8721
9460,8722
2250,8723
3837,8724
8145,8725
4854,8726
1106,8727
5436,8728
8022,8729
6797,8730
7338,8731
6373,8732
9865,8733
1088,8734
7470,8735
5191,8736
7395,8737
8538,8738
6402,8739
9935,8740
6394,8741
9211,8742
7921,8743
5538,8744
3871,8745
5277,8746
9119,8747
5985,8748
6035,8749
8167,8750
9985,8751
5212,8752
4436,8753
4325,8754
5999,8755
6191,8756
1336,8757
8156,8758
6133,8759
6785,8760
6154,8761
2034,8762
8214,8763
1405,8764
9405,8765
8057,8766
4052,8767
5751,8768
3715,8769
8227,8770
9688,8771
2941,8772
7192,8773
7253,8774
3514,8775
6070,8776
1662,8777
7984,8778
8953,8779
7762,8780
3279,8781
5288,8782
3678,8783
8946,8784
8152,8785
5527,8786
7827,8787
5742,8788
6041,8789
3399,8790
3724,8791
2673,8792
2461,8793
8649,8794
2757,8795
6814,8796
4935,8797
9020,8798
6397,8799
4837,8800
3688,8801
1294,8802
2075,8803
5675,8804
8757,8805
1006,8806
2118,8807
6299,8808
7358,8809
1565,8810
1877,8811
2412,8812
1652,8813
2326,8814
9770,8815
7970,8816
2986,8817
6326,8818
3608,8819
1103,8820
5450,8821
7904,8822
5575,8823
7115,8824
6118,8825
8811,8826
7416,8827
5030,8828
8744,8829
7538,8830
6073,8831
1690,8832
9275,8833
9280,8834
6950,8835
1747,8836
6505,8837
2602,8838
7511,8839
4356,8840
9350,8841
9233,8842
6481,8843
2973,8844
1720,8845
1794,8846
2898,8847
3384,8848
8991,8849
8699,8850
9538,8851
3613,8852
9429,8853
4306,8854
7149,8855
5719,8856
2467,8857
7374,8858
2226,8859
9093,8860
7465,8861
5169,8862
7803,8863
3303,8864
3258,8865
5806,8866
1828,8867
2861,8868
4221,8869
5332,8870
9806,8871
5185,8872
4169,8873
1861,8874
4397,8875
2749,8876
2742,8877
2324,8878
4185,8879
4519,8880
5394,8881
4715,8882
7933,8883
9700,8884
6752,8885
4897,8886
9991,8887
9454,8888
1118,8889
7796,8890
7580,8891
9835,8892
7396,8893
2420,8894
2259,8895
8344,8896
6548,8897
3573,8898
5637,8899
9901,8900
3709,8901
2425,8902
2725,8903
4554,8904
7298,8905
3981,8906
5047,8907
4256,8908
8745,8909
1062,8910
4826,8911
3136,8912
9193,8913
3818,8914
6341,8915
2733,8916
1853,8917
4158,8918
2940,8919
3693,8920
4260,8921
5645,8922
4774,8923
7743,8924
1870,8925
9946,8926
2626,8927
9218,8928
5725,8929
3064,8930
5257,8931
7567,8932
8453,8933
8181,8934
5461,8935
8038,8936
1772,8937
1917,8938
4017,8939
1211,8940
3135,8941
3269,8942
3444,8943
4267,8944
6520,8945
6549,8946
8071,8947
5500,8948
1406,8949
8513,8950
7081,8951
1196,8952
9251,8953
9973,8954
4746,8955
7761,8956
4533,8957
8160,8958
2820,8959
2279,8960
4652,8961
8018,8962
5842,8963
4938,8964
5354,8965
4149,8966
3459,8967
5786,8968
9543,8969
2880,8970
5503,8971
5188,8972
7188,8973
5777,8974
5114,8975
7186,8976
5980,8977
6135,8978
5395,8979
6725,8980
6238,8981
2448,8982
2835,8983
2466,8984
5886,8985
1051,8986
9716,8987
6560,8988
8177,8989
2076,8990
2333,8991
3344,8992
5556,8993
5896,8994
5586,8995
1949,8996
8795,8997
2335,8998
4014,8999
6479,9000